2720 2.19
2703 2.18
2829 2.28
2490 2.01
2671 2.15
2731 2.36
2871 2.31
2698 2.17
2863 2.31
2474 1.99
2488 2.00
2490 2.01
2506 2.02
2491 2.01
2491 2.01
2445 1.97
2414 1.95
2458 1.98
2486 2.00
2480 2.00
2492 2.01
2492 2.01
2494 2.01
2490 2.01
2490 2.01
2493 2.01
2502 2.02
2794 2.25
2760 2.22
2792 2.25
2702 2.18
2778 2.24
2680 2.16
2792 2.25
2510 2.02
2814 2.27
2808 2.26
2782 2.24
2808 2.26
2732 2.20
2895 2.33
2638 2.13
2569 2.07
2505 2.02
2683 2.16
2505 2.02
2504 2.02
2506 2.02
2504 2.02
2504 2.02
2506 2.02
2508 2.02
2511 2.02
2510 2.02
2506 2.02
2506 2.02
2504 2.02
2504 2.02
2503 2.02
2505 2.02
2651 2.14
2460 1.98
2475 1.99
2490 2.01
2493 2.01
2504 2.02
2495 2.01
2504 2.02
2506 2.02
2506 2.02
2504 2.02
2495 2.01
2494 2.01
2496 2.01
2491 2.01
2479 2.00
2504 2.02
2507 2.02
2493 2.01
2442 1.97
2427 1.96
2398 1.93
2393 1.93
2377 1.92
2376 1.91
2367 1.91
2376 1.91
2377 1.92
2378 1.92
2380 1.92
2382 1.92
2382 1.92
2380 1.92
2382 1.92
2364 1.91
2365 1.91
2391 1.93
2410 1.94
2429 1.96
2455 1.98
2463 1.98
2474 1.99
2477 2.00
2477 2.00
2477 2.00
2487 2.00
2480 2.00
2488 2.00
2490 2.01
2487 2.00
2477 2.00
2455 1.98
2440 1.97
2424 1.95
2424 1.95
2423 1.95
2413 1.94
2413 1.94
2412 1.94
2414 1.95
2412 1.94
2414 1.95
2423 1.95
2415 1.95
2424 1.95
2424 1.95
2424 1.95
2412 1.94
2412 1.94
2408 1.94
2411 1.94
2412 1.94
2424 1.95
2440 1.97
2459 1.98
2473 1.99
2478 2.00
2488 2.00
2488 2.00
2489 2.01
2488 2.00
2489 2.01
2489 2.01
2488 2.00
2464 1.99
2445 1.97
2431 1.96
2427 1.96
2424 1.95
2414 1.95
2422 1.95
2414 1.95
2410 1.94
2412 1.94
2412 1.94
2412 1.94
2413 1.94
2414 1.95
2413 1.94
2412 1.94
2411 1.94
2411 1.94
2410 1.94
2398 1.93
2408 1.94
2414 1.95
2424 1.95
2439 1.97
2444 1.97
2445 1.97
2460 1.98
2471 1.99
2476 2.00
2480 2.00
2479 2.00
2488 2.00
2488 2.00
2487 2.00
2479 2.00
2488 2.00
2473 1.99
2446 1.97
2458 1.98
2425 1.95
2412 1.94
2398 1.93
2393 1.93
2383 1.92
2379 1.92
2377 1.92
2376 1.91
2377 1.92
2377 1.92
2378 1.92
2376 1.91
2381 1.92
2376 1.91
2377 1.92
2380 1.92
2378 1.92
2366 1.91
2378 1.92
2377 1.92
2359 1.90
2350 1.89
2345 1.89
2348 1.89
2346 1.89
2331 1.88
2319 1.87
2344 1.89
2382 1.92
2425 1.95
2446 1.97
2462 1.98
2472 1.99
2475 1.99
2476 2.00
2478 2.00
2487 2.00
2479 2.00
2479 2.00
2471 1.99
2460 1.98
2425 1.95
2409 1.94
2395 1.93
2391 1.93
2377 1.92
2376 1.91
2365 1.91
2363 1.90
2363 1.90
2364 1.91
2366 1.91
2366 1.91
2366 1.91
2366 1.91
2363 1.90
2366 1.91
2364 1.91
2346 1.89
2346 1.89
2377 1.92
2424 1.95
2456 1.98
2473 1.99
2477 2.00
2480 2.00
2487 2.00
2489 2.01
2491 2.01
2490 2.01
2490 2.01
2455 1.98
2430 1.96
2413 1.94
2400 1.93
2392 1.93
2378 1.92
2376 1.91
2376 1.91
2377 1.92
2380 1.92
2381 1.92
2382 1.92
2380 1.92
2382 1.92
2378 1.92
2382 1.92
2380 1.92
2376 1.91
2348 1.89
2382 1.92
2428 1.96
2462 1.98
2475 1.99
2478 2.00
2478 2.00
2489 2.01
2490 2.01
2492 2.01
2494 2.01
2492 2.01
2490 2.01
2447 1.97
2428 1.96
2411 1.94
2398 1.93
2393 1.93
2391 1.93
2378 1.92
2379 1.92
2380 1.92
2382 1.92
2382 1.92
2391 1.93
2391 1.93
2381 1.92
2379 1.92
2368 1.91
2374 1.91
2367 1.91
2398 1.93
2426 1.96
2444 1.97
2463 1.98
2475 1.99
2488 2.00
2490 2.01
2492 2.01
2489 2.01
2487 2.00
2480 2.00
2492 2.01
2493 2.01
2479 2.00
2480 2.00
2475 1.99
2462 1.98
2456 1.98
2474 1.99
2442 1.97
2456 1.98
2457 1.98
2413 1.94
2415 1.95
2412 1.94
2397 1.93
2393 1.93
2400 1.93
2412 1.94
2426 1.96
2431 1.96
2441 1.97
2457 1.98
2461 1.98
2460 1.98
2460 1.98
2457 1.98
2472 1.99
2473 1.99
2474 1.99
2475 1.99
2473 1.99
2474 1.99
2477 2.00
2477 2.00
2487 2.00
2487 2.00
2488 2.00
2489 2.01
2489 2.01
2491 2.01
2471 1.99
2424 1.95
2349 1.89
2269 1.83
2219 1.79
2204 1.78
2189 1.76
2188 1.76
2202 1.77
2204 1.78
2205 1.78
2207 1.78
2217 1.79
2218 1.79
2217 1.79
2206 1.78
2233 1.80
2267 1.83
2317 1.87
2360 1.90
2366 1.91
2391 1.93
2395 1.93
2396 1.93
2408 1.94
2409 1.94
2410 1.94
2411 1.94
2411 1.94
2412 1.94
2411 1.94
2394 1.93
2365 1.91
2328 1.88
2298 1.85
2280 1.84
2264 1.82
2253 1.82
2250 1.81
2237 1.80
2235 1.80
2235 1.80
2234 1.80
2238 1.80
2249 1.81
2250 1.81
2252 1.81
2238 1.80
2251 1.81
2252 1.81
2264 1.82
2254 1.82
2285 1.84
2331 1.88
2375 1.91
2394 1.93
2398 1.93
2409 1.94
2412 1.94
2412 1.94
2423 1.95
2423 1.95
2424 1.95
2425 1.95
2427 1.96
2427 1.96
2429 1.96
2429 1.96
2426 1.96
2430 1.96
2415 1.95
2380 1.92
2329 1.88
2280 1.84
2263 1.82
2237 1.80
2223 1.79
2218 1.79
2206 1.78
2214 1.78
2216 1.79
2217 1.79
2221 1.79
2223 1.79
2234 1.80
2232 1.80
2218 1.79
2218 1.79
2270 1.83
2334 1.88
2366 1.91
2380 1.92
2392 1.93
2393 1.93
2399 1.93
2399 1.93
2409 1.94
2410 1.94
2413 1.94
2423 1.95
2423 1.95
2424 1.95
2424 1.95
2424 1.95
2426 1.96
2425 1.95
2425 1.95
2365 1.91
2318 1.87
2269 1.83
2248 1.81
2235 1.80
2234 1.80
2231 1.80
2222 1.79
2222 1.79
2220 1.79
2219 1.79
2220 1.79
2232 1.80
2234 1.80
2239 1.80
2248 1.81
2237 1.80
2232 1.80
2221 1.79
2238 1.80
2286 1.84
2346 1.89
2376 1.91
2383 1.92
2394 1.93
2399 1.93
2408 1.94
2412 1.94
2411 1.94
2413 1.94
2422 1.95
2414 1.95
2424 1.95
2425 1.95
2427 1.96
2427 1.96
2428 1.96
2429 1.96
2430 1.96
2429 1.96
2426 1.96
2331 1.88
2283 1.84
2248 1.81
2231 1.80
2220 1.79
2219 1.79
2218 1.79
2220 1.79
2234 1.80
2236 1.80
2248 1.81
2239 1.80
2233 1.80
2235 1.80
2247 1.81
2268 1.83
2349 1.89
2378 1.92
2382 1.92
2392 1.93
2395 1.93
2392 1.93
2395 1.93
2399 1.93
2399 1.93
2365 1.91
2398 1.93
2943 2.37
2427 1.96
2430 1.96
2426 1.96
2443 1.97
2443 1.97
5 0.00
3 0.00
4 0.00
5 0.00
2 0.00
5 0.00
6 0.00
5 0.00
4 0.00
7 0.01
7 0.01
5 0.00
5 0.00
5 0.00
4 0.00
4 0.00
4 0.00
5 0.00
4 0.00
2 0.00
5 0.00
4 0.00
6 0.00
4 0.00
6 0.00
5 0.00
3 0.00
3 0.00
2 0.00
4 0.00
5 0.00
7 0.01
4 0.00
6 0.00
4 0.00
6 0.00
7 0.01
2 0.00
5 0.00
4 0.00
6 0.00
3 0.00
4 0.00
3 0.00
4 0.00
8 0.01
6 0.00
7 0.01
4 0.00
2 0.00
6 0.00
5 0.00
5 0.00
4 0.00
4 0.00
2 0.00
3496 2.82
3432 2.77
3448 2.78
3371 2.72
3439 2.77
3403 2.74
3351 2.70
3224 2.60
3149 2.54
3258 2.63
2829 2.28
3384 2.73
3262 2.63
3099 2.50
3312 2.67
2829 2.28
3192 2.57
2813 2.27
2824 2.28
2877 2.32
2620 2.11
2476 2.00
2526 2.04
2780 2.24
2632 2.12
2655 2.14
2584 2.08
2510 2.02
2525 2.03
2551 2.06
2589 2.09
2553 2.06
2846 2.29
2428 1.96
2493 2.01
2520 2.03
2489 2.01
2560 2.06
2442 1.97
2713 2.19
2556 2.06
2475 1.99
2776 2.24
2729 2.20
2649 2.13
2599 2.09
2588 2.09
2654 2.14
2683 2.16
2603 2.10
2618 2.11
2731 2.20
2615 2.11
2696 2.17
2729 2.20
2632 2.12
2762 2.23
2621 2.11
2730 2.20
2615 2.11
2697 2.17
2604 2.10
2682 2.16
2617 2.11
2698 2.17
2671 2.15
2540 2.05
2727 2.20
2729 2.20
2699 2.18
2666 2.15
2570 2.07
2430 1.96
2397 1.93
2170 1.75
2143 1.73
2144 1.73
2205 1.78
2332 1.88
2351 1.89
2367 1.91
2379 1.92
2392 1.93
2394 1.93
2393 1.93
2394 1.93
2408 1.94
2397 1.93
2344 1.89
2333 1.88
2327 1.88
2299 1.85
2329 1.88
2332 1.88
2382 1.92
2393 1.93
2472 1.99
2410 1.94
2412 1.94
2414 1.95
2414 1.95
2424 1.95
2426 1.96
2428 1.96
2426 1.96
2415 1.95
2393 1.93
2412 1.94
2425 1.95
2430 1.96
2430 1.96
2440 1.97
2474 1.99
2444 1.97
2443 1.97
2443 1.97
2443 1.97
2427 1.96
2409 1.94
2329 1.88
2281 1.84
2248 1.81
2205 1.78
2154 1.74
2110 1.70
2077 1.67
2235 1.80
2170 1.75
2106 1.70
2078 1.67
2171 1.75
2090 1.68
2040 1.64
2204 1.78
2316 1.87
2060 1.66
2220 1.79
2302 1.86
2121 1.71
2141 1.73
2268 1.83
2122 1.71
2171 1.75
2297 1.85
2332 1.88
2537 2.04
2652 2.14
2584 2.08
