50.50 -1.00 28.15
50.50 -1.00 28.07
50.50 -1.00 28.08
50.50 -1.00 28.14
50.50 -1.00 28.11
50.50 -1.00 29.00
50.50 -1.00 28.09
50.50 -1.00 28.08
50.50 -1.00 29.00
50.50 -1.00 28.03
50.50 -1.00 28.13
50.50 -1.00 28.14
50.50 -1.00 28.12
50.50 -1.00 28.09
50.50 -1.00 28.07
50.50 -1.00 28.08
50.50 -1.00 28.09
50.50 -1.00 28.12
50.50 -1.00 29.00
50.50 -1.00 28.13
50.50 -1.00 28.03
50.50 -1.00 28.08
50.50 -1.00 28.13
50.50 -1.00 28.13
50.50 -1.00 28.02
50.50 -1.00 29.03
50.50 -1.00 28.06
50.50 -1.00 28.12
50.50 -1.00 29.02
50.50 -1.00 28.09
50.50 -1.00 28.12
50.50 -1.00 28.04
50.50 -1.00 28.08
50.50 -1.00 28.13
50.50 -1.00 28.15
50.50 -1.00 28.11
50.50 -1.00 29.00
50.50 -1.00 28.08
50.50 -1.00 28.10
50.50 -1.00 28.12
50.50 -1.00 28.03
50.50 -1.00 28.12
50.50 -1.00 28.05
50.50 -1.00 28.05
50.50 -1.00 29.03
50.50 -1.00 28.15
50.50 -1.00 28.08
50.50 -1.00 29.00
50.50 -1.00 28.14
50.50 -1.00 28.11
50.50 -1.00 28.04
50.50 -1.00 28.11
50.50 -1.00 28.11
50.50 -1.00 28.13
50.50 -1.00 28.12
50.50 -1.00 29.01
50.50 -1.00 28.11
50.50 -1.00 28.07
50.50 -1.00 29.02
50.50 -1.00 28.11
50.50 -1.00 28.12
50.50 -1.00 28.14
50.50 -1.00 28.10
50.50 -1.00 28.08
50.50 -1.00 29.02
50.50 -1.00 28.15
50.50 -1.00 29.00
50.50 -1.00 28.12
50.50 -1.00 28.06
50.50 -1.00 29.04
50.50 -1.00 28.12
50.50 -1.00 28.15
50.50 -1.00 28.12
50.50 -1.00 28.14
50.50 -1.00 28.07
50.50 -1.00 29.00
50.50 -1.00 29.02
50.50 -1.00 29.05
-0.50 -1.00 28.15
-0.50 -1.00 28.10
-0.50 -1.00 29.06
-0.50 -1.00 28.10
-0.50 -1.00 29.01
-0.50 -1.00 29.05
-0.50 -1.00 28.15
-0.50 -1.00 28.14
-0.50 -1.00 29.06
-0.50 -1.00 28.14
-0.50 -1.00 28.09
-0.50 -1.00 29.00
-0.50 -1.00 28.15
-0.50 -1.00 29.07
-0.50 -1.00 28.13
-0.50 -1.00 29.03
-0.50 -1.00 29.09
-0.50 -1.00 29.05
-0.50 -1.00 28.13
-0.50 -1.00 29.02
-0.50 -1.00 28.15
-0.50 -1.00 28.12
-0.50 -1.00 29.06
-0.50 -1.00 29.04
-0.50 -1.00 29.12
-0.50 -1.00 29.07
-0.50 -1.00 29.03
-0.50 -1.00 29.12
-0.50 -1.00 29.02
-0.50 -1.00 29.03
-0.50 -1.00 29.14
-0.50 -1.00 28.13
-0.50 -1.00 28.15
-0.50 -1.00 29.09
-0.50 -1.00 29.10
-0.50 -1.00 29.04
-0.50 -1.00 29.03
-0.50 -1.00 29.01
-0.50 -1.00 29.07
-0.50 -1.00 29.12
-0.50 -1.00 29.12
-0.50 -1.00 29.11
-0.50 -1.00 29.01
-0.50 -1.00 29.02
-0.50 -1.00 29.05
-0.50 -1.00 29.10
-0.50 -1.00 29.06
-0.50 -1.00 29.10
-0.50 -1.00 29.05
-0.50 -1.00 29.00
-0.50 -1.00 29.09
-0.50 -1.00 29.05
-0.50 -1.00 28.13
-0.50 -1.00 29.01
-0.50 -1.00 29.00
-0.50 -1.00 29.08
-0.50 -1.00 28.13
-0.50 -1.00 29.03
-0.50 -1.00 29.06
-0.50 -1.00 29.13
-0.50 -1.00 29.03
-0.50 -1.00 29.12
-0.50 -1.00 29.04
-0.50 -1.00 29.02
-0.50 -1.00 29.11
-0.50 -1.00 29.07
-0.50 -1.00 29.08
-0.50 -1.00 28.12
-0.50 -1.00 29.02
-0.50 -1.00 29.10
-0.50 -1.00 29.12
-0.50 -1.00 29.03
-0.50 -1.00 29.01
-0.50 -1.00 29.02
-0.50 -1.00 29.05
-0.50 -1.00 29.07
-0.50 -1.00 29.02
-0.50 -1.00 29.15
-0.50 -1.00 28.15
52.00 95.00 28.15
52.00 95.00 29.10
52.00 95.00 29.05
52.00 95.00 28.15
52.00 95.00 30.00
52.00 95.00 29.04
52.00 95.00 29.05
52.00 95.00 29.07
52.00 95.00 29.03
52.00 95.00 29.13
52.00 95.00 29.04
52.00 95.00 29.02
52.00 95.00 29.07
52.00 95.00 28.14
52.00 95.00 28.15
52.00 95.00 29.09
52.00 95.00 29.12
52.00 95.00 29.06
52.00 95.00 29.03
52.00 95.00 29.04
52.00 95.00 29.04
52.00 95.00 29.07
52.00 95.00 30.03
52.00 95.00 29.11
52.00 95.00 29.05
52.00 95.00 28.11
52.00 95.00 29.04
52.00 95.00 29.08
52.00 95.00 29.00
52.00 95.00 29.08
52.00 95.00 29.03
52.00 95.00 29.03
52.00 95.00 29.09
52.00 95.00 29.00
52.00 95.00 29.09
52.00 95.00 29.01
52.00 95.00 29.05
52.00 95.00 29.04
52.00 95.00 29.04
52.00 95.00 29.03
52.00 95.00 29.07
52.00 95.00 29.04
52.00 95.00 29.06
52.00 95.00 29.02
52.00 95.00 28.09
52.00 95.00 30.01
52.00 95.00 29.00
52.00 95.00 29.02
52.00 95.00 29.10
52.00 95.00 29.07
52.00 95.00 29.02
52.00 95.00 29.02
52.00 95.00 29.06
52.00 95.00 29.03
52.00 95.00 29.10
52.00 95.00 29.04
52.00 95.00 29.02
52.00 95.00 29.10
52.00 95.00 30.04
52.00 95.00 29.14
52.00 95.00 28.14
52.00 95.00 29.06
52.00 95.00 29.05
52.00 95.00 29.14
52.00 95.00 28.15
52.00 95.00 29.08
52.00 95.00 29.01
52.00 95.00 29.03
52.00 95.00 29.09
52.00 95.00 28.15
52.00 95.00 29.15
52.00 95.00 28.15
52.00 95.00 29.01
52.00 95.00 29.05
52.00 95.00 29.11
52.00 95.00 29.01
52.00 95.00 29.06
52.00 95.00 29.04
-0.50 -1.00 29.07
-0.50 -1.00 29.06
-0.50 -1.00 28.12
-0.50 -1.00 29.10
-0.50 -1.00 28.12
-0.50 -1.00 28.15
-0.50 -1.00 29.05
-0.50 -1.00 29.10
-0.50 -1.00 29.04
-0.50 -1.00 29.06
-0.50 -1.00 29.08
-0.50 -1.00 29.07
-0.50 -1.00 29.09
-0.50 -1.00 28.12
-0.50 -1.00 29.03
-0.50 -1.00 29.09
-0.50 -1.00 29.14
-0.50 -1.00 29.11
-0.50 -1.00 29.03
-0.50 -1.00 29.00
-0.50 -1.00 29.08
-0.50 -1.00 29.13
-0.50 -1.00 29.00
-0.50 -1.00 29.03
-0.50 -1.00 29.01
-0.50 -1.00 29.06
-0.50 -1.00 29.09
-0.50 -1.00 28.14
-0.50 -1.00 29.06
-0.50 -1.00 29.12
-0.50 -1.00 28.13
-0.50 -1.00 29.06
-0.50 -1.00 29.05
-0.50 -1.00 28.15
-0.50 -1.00 29.10
-0.50 -1.00 29.01
-0.50 -1.00 28.13
-0.50 -1.00 29.11
-0.50 -1.00 29.01
-0.50 -1.00 29.06
-0.50 -1.00 29.03
-0.50 -1.00 29.05
-0.50 -1.00 29.06
-0.50 -1.00 29.06
-0.50 -1.00 29.02
-0.50 -1.00 29.13
-0.50 -1.00 29.04
-0.50 -1.00 29.04
-0.50 -1.00 29.10
-0.50 -1.00 28.15
-0.50 -1.00 29.07
-0.50 -1.00 28.11
-0.50 -1.00 29.04
-0.50 -1.00 29.09
-0.50 -1.00 29.10
-0.50 -1.00 29.00
-0.50 -1.00 29.06
-0.50 -1.00 29.15
-0.50 -1.00 29.08
-0.50 -1.00 29.02
-0.50 -1.00 29.09
-0.50 -1.00 29.04
-0.50 -1.00 29.08
-0.50 -1.00 28.13
-0.50 -1.00 29.06
-0.50 -1.00 28.09
-0.50 -1.00 29.06
-0.50 -1.00 29.10
-0.50 -1.00 29.06
-0.50 -1.00 29.03
-0.50 -1.00 29.13
-0.50 -1.00 29.00
-0.50 -1.00 29.00
-0.50 -1.00 29.11
-0.50 -1.00 29.04
-0.50 -1.00 29.02
-0.50 -1.00 29.01
-0.50 -1.00 29.02
54.00 93.00 29.11
54.00 93.00 29.03
54.00 93.00 29.04
54.00 93.00 29.09
54.00 93.00 29.05
54.00 93.00 29.10
54.00 93.00 29.05
54.00 93.00 29.00
54.00 93.00 29.04
54.00 93.00 29.10
54.00 93.00 29.15
54.00 93.00 29.08
54.00 93.00 29.10
54.00 93.00 29.04
54.00 93.00 29.03
54.00 93.00 29.10
54.00 93.00 29.02
54.00 93.00 29.09
54.00 93.00 29.04
54.00 93.00 29.01
54.00 93.00 29.10
54.00 93.00 29.00
54.00 93.00 29.07
54.00 93.00 28.13
54.00 93.00 29.01
54.00 93.00 29.07
54.00 93.00 29.08
54.00 93.00 29.05
54.00 93.00 29.06
54.00 93.00 29.05
54.00 93.00 29.04
54.00 93.00 29.06
54.00 93.00 28.10
54.00 93.00 29.04
54.00 93.00 29.11
54.00 93.00 29.11
54.00 93.00 29.04
54.00 93.00 29.08
54.00 93.00 29.02
54.00 93.00 29.04
54.00 93.00 29.03
54.00 93.00 28.14
54.00 93.00 29.07
54.00 93.00 28.15
54.00 93.00 29.03
54.00 93.00 29.06
54.00 93.00 29.03
54.00 93.00 29.07
54.00 93.00 29.08
54.00 93.00 29.03
54.00 93.00 29.06
54.00 93.00 29.09
54.00 93.00 29.02
54.00 93.00 29.12
54.00 93.00 29.04
54.00 93.00 29.02
54.00 93.00 29.10
54.00 93.00 28.15
54.00 93.00 29.02
54.00 93.00 29.10
54.00 93.00 29.15
54.00 93.00 29.07
54.00 93.00 29.06
54.00 93.00 29.04
54.00 93.00 29.08
54.00 93.00 29.02
54.00 93.00 29.08
54.00 93.00 29.06
54.00 93.00 29.00
54.00 93.00 28.15
54.00 93.00 29.10
54.00 93.00 29.08
54.00 93.00 29.05
54.00 93.00 29.12
54.00 93.00 29.01
54.00 93.00 29.05
54.00 93.00 29.09
54.00 93.00 28.14
-0.50 -1.00 29.04
-0.50 -1.00 29.01
-0.50 -1.00 29.01
-0.50 -1.00 29.07
-0.50 -1.00 29.01
-0.50 -1.00 28.15
-0.50 -1.00 29.08
-0.50 -1.00 29.02
-0.50 -1.00 29.06
-0.50 -1.00 29.11
-0.50 -1.00 29.03
-0.50 -1.00 29.13
-0.50 -1.00 29.02
-0.50 -1.00 29.03
-0.50 -1.00 29.07
-0.50 -1.00 28.10
-0.50 -1.00 29.05
-0.50 -1.00 29.08
-0.50 -1.00 29.13
-0.50 -1.00 29.09
-0.50 -1.00 29.08
-0.50 -1.00 29.02
-0.50 -1.00 29.05
-0.50 -1.00 29.14
-0.50 -1.00 29.13
-0.50 -1.00 29.08
-0.50 -1.00 28.13
-0.50 -1.00 29.00
-0.50 -1.00 29.06
-0.50 -1.00 29.05
-0.50 -1.00 29.00
-0.50 -1.00 29.09
-0.50 -1.00 29.03
-0.50 -1.00 29.05
-0.50 -1.00 29.08
-0.50 -1.00 29.04
-0.50 -1.00 29.13
-0.50 -1.00 29.01
-0.50 -1.00 29.01
-0.50 -1.00 29.08
-0.50 -1.00 28.15
-0.50 -1.00 29.03
-0.50 -1.00 29.11
-0.50 -1.00 29.06
-0.50 -1.00 29.03
-0.50 -1.00 29.10
-0.50 -1.00 29.00
-0.50 -1.00 29.06
-0.50 -1.00 29.06
-0.50 -1.00 28.14
-0.50 -1.00 29.09
-0.50 -1.00 29.01
-0.50 -1.00 29.03
-0.50 -1.00 29.05
-0.50 -1.00 29.12
-0.50 -1.00 29.03
-0.50 -1.00 29.10
-0.50 -1.00 29.05
-0.50 -1.00 29.07
-0.50 -1.00 29.03
-0.50 -1.00 29.02
-0.50 -1.00 29.10
-0.50 -1.00 29.05
-0.50 -1.00 29.01
-0.50 -1.00 29.09
-0.50 -1.00 29.08
-0.50 -1.00 28.14
-0.50 -1.00 29.09
-0.50 -1.00 29.01
-0.50 -1.00 29.04
-0.50 -1.00 29.09
-0.50 -1.00 29.04
-0.50 -1.00 29.14
-0.50 -1.00 29.01
-0.50 -1.00 29.01
-0.50 -1.00 29.09
-0.50 -1.00 29.03
-0.50 -1.00 29.01
59.00 95.00 29.14
59.00 95.00 29.09
59.00 95.00 29.07
59.00 95.00 29.03
59.00 95.00 29.05
59.00 95.00 29.05
59.00 95.00 28.12
59.00 95.00 29.05
59.00 95.00 29.09
59.00 95.00 29.02
59.00 95.00 29.06
59.00 95.00 29.06
59.00 95.00 29.11
59.00 95.00 29.09
59.00 95.00 29.04
59.00 95.00 29.07
59.00 95.00 29.08
59.00 95.00 29.05
59.00 95.00 28.12
59.00 95.00 29.15
59.00 95.00 28.15
59.00 95.00 29.08
59.00 95.00 29.09
59.00 95.00 29.03
59.00 95.00 29.01
59.00 95.00 29.11
59.00 95.00 29.03
59.00 95.00 29.00
59.00 95.00 29.00
59.00 95.00 29.03
59.00 95.00 29.13
59.00 95.00 28.13
59.00 95.00 29.02
59.00 95.00 29.07
59.00 95.00 28.08
59.00 95.00 29.05
59.00 95.00 29.13
59.00 95.00 29.07
59.00 95.00 29.02
59.00 95.00 29.06
59.00 95.00 29.04
59.00 95.00 29.00
59.00 95.00 29.03
59.00 95.00 29.01
59.00 95.00 29.08
59.00 95.00 29.00
59.00 95.00 29.00
59.00 95.00 29.06
59.00 95.00 29.13
59.00 95.00 29.04
59.00 95.00 29.06
59.00 95.00 29.01
59.00 95.00 29.10
59.00 95.00 29.01
59.00 95.00 30.02
59.00 95.00 29.06
59.00 95.00 28.15
59.00 95.00 29.00
59.00 95.00 29.07
59.00 95.00 29.06
59.00 95.00 29.03
59.00 95.00 29.12
59.00 95.00 29.01
59.00 95.00 29.04
59.00 95.00 29.07
59.00 95.00 28.15
59.00 95.00 28.14
59.00 95.00 28.15
59.00 95.00 28.12
59.00 95.00 29.13
59.00 95.00 29.07
59.00 95.00 29.05
59.00 95.00 29.01
59.00 95.00 29.04
59.00 95.00 29.09
59.00 95.00 29.10
59.00 95.00 29.00
59.00 95.00 28.15
-0.50 -1.00 28.12
-0.50 -1.00 29.05
-0.50 -1.00 29.11
-0.50 -1.00 29.05
-0.50 -1.00 29.02
-0.50 -1.00 29.05
-0.50 -1.00 29.12
-0.50 -1.00 29.02
-0.50 -1.00 29.06
-0.50 -1.00 29.02
-0.50 -1.00 29.05
-0.50 -1.00 29.06
-0.50 -1.00 30.02
-0.50 -1.00 29.07
-0.50 -1.00 28.13
-0.50 -1.00 29.02
-0.50 -1.00 29.08
-0.50 -1.00 29.11
-0.50 -1.00 29.00
-0.50 -1.00 29.08
-0.50 -1.00 29.05
-0.50 -1.00 29.03
-0.50 -1.00 29.11
-0.50 -1.00 29.04
-0.50 -1.00 29.06
-0.50 -1.00 29.05
-0.50 -1.00 29.06
-0.50 -1.00 29.06
-0.50 -1.00 29.08
-0.50 -1.00 29.04
-0.50 -1.00 29.11
-0.50 -1.00 29.04
-0.50 -1.00 29.05
-0.50 -1.00 29.11
-0.50 -1.00 29.00
-0.50 -1.00 29.06
-0.50 -1.00 28.14
-0.50 -1.00 29.04
-0.50 -1.00 29.05
-0.50 -1.00 29.05
-0.50 -1.00 29.04
-0.50 -1.00 29.03
-0.50 -1.00 29.10
-0.50 -1.00 29.07
-0.50 -1.00 29.07
-0.50 -1.00 29.01
-0.50 -1.00 29.02
-0.50 -1.00 29.09
-0.50 -1.00 29.11
-0.50 -1.00 29.09
-0.50 -1.00 29.11
-0.50 -1.00 29.00
-0.50 -1.00 29.03
-0.50 -1.00 29.11
-0.50 -1.00 28.10
-0.50 -1.00 29.10
-0.50 -1.00 29.00
-0.50 -1.00 29.00
-0.50 -1.00 30.00
-0.50 -1.00 29.01
-0.50 -1.00 29.03
-0.50 -1.00 28.13
-0.50 -1.00 29.00
-0.50 -1.00 29.04
-0.50 -1.00 29.09
-0.50 -1.00 28.14
-0.50 -1.00 29.03
-0.50 -1.00 29.09
-0.50 -1.00 29.07
-0.50 -1.00 29.08
-0.50 -1.00 28.12
-0.50 -1.00 29.07
-0.50 -1.00 29.07
-0.50 -1.00 30.00
-0.50 -1.00 29.05
-0.50 -1.00 29.03
-0.50 -1.00 29.07
-0.50 -1.00 29.09
-0.50 -1.00 29.06
62.00 -1.00 29.09
62.00 -1.00 29.09
62.00 -1.00 28.13
62.00 -1.00 29.00
62.00 -1.00 29.10
62.00 -1.00 29.02
62.00 -1.00 29.05
62.00 -1.00 29.06
62.00 -1.00 29.01
62.00 -1.00 29.06
62.00 -1.00 29.05
62.00 -1.00 29.03
62.00 -1.00 29.05
62.00 -1.00 29.02
62.00 -1.00 29.03
62.00 -1.00 29.10
62.00 -1.00 29.00
62.00 -1.00 29.02
62.00 -1.00 29.02
62.00 -1.00 29.03
62.00 -1.00 29.08
62.00 -1.00 29.01
62.00 -1.00 29.05
62.00 -1.00 29.07
62.00 -1.00 29.02
62.00 -1.00 29.03
62.00 -1.00 29.09
62.00 -1.00 28.13
62.00 -1.00 29.04
62.00 -1.00 29.11
62.00 -1.00 29.15
62.00 -1.00 29.09
62.00 -1.00 29.07
62.00 -1.00 29.07
62.00 -1.00 29.01
62.00 -1.00 29.06
62.00 -1.00 28.11
62.00 -1.00 29.10
62.00 -1.00 29.00
62.00 -1.00 29.03
62.00 -1.00 29.12
62.00 -1.00 29.01
62.00 -1.00 29.01
62.00 -1.00 29.10
62.00 -1.00 29.06
62.00 -1.00 29.05
62.00 -1.00 29.05
62.00 -1.00 29.03
62.00 -1.00 29.10
62.00 -1.00 29.01
62.00 -1.00 29.02
62.00 -1.00 29.13
62.00 -1.00 28.13
62.00 -1.00 29.04
62.00 -1.00 29.09
62.00 -1.00 29.02
62.00 -1.00 29.07
62.00 -1.00 29.11
62.00 -1.00 29.05
62.00 -1.00 29.13
62.00 -1.00 29.02
62.00 -1.00 29.02
62.00 -1.00 29.11
62.00 -1.00 29.01
62.00 -1.00 29.00
62.00 -1.00 29.08
62.00 -1.00 29.13
62.00 -1.00 29.09
62.00 -1.00 29.00
62.00 -1.00 29.07
62.00 -1.00 29.03
62.00 -1.00 29.06
62.00 -1.00 30.01
62.00 -1.00 29.08
62.00 -1.00 28.14
62.00 -1.00 29.00
62.00 -1.00 29.09
62.00 -1.00 29.07
-0.50 -1.00 29.07
-0.50 -1.00 29.10
-0.50 -1.00 29.03
-0.50 -1.00 29.04
-0.50 -1.00 29.10
-0.50 -1.00 29.02
-0.50 -1.00 29.08
-0.50 -1.00 29.02
-0.50 -1.00 29.00
-0.50 -1.00 29.10
-0.50 -1.00 29.04
-0.50 -1.00 29.02
-0.50 -1.00 29.15
-0.50 -1.00 29.05
-0.50 -1.00 29.06
-0.50 -1.00 29.05
-0.50 -1.00 29.02
-0.50 -1.00 29.07
-0.50 -1.00 29.05
-0.50 -1.00 29.03
-0.50 -1.00 29.10
-0.50 -1.00 28.13
-0.50 -1.00 29.04
-0.50 -1.00 29.06
-0.50 -1.00 29.06
-0.50 -1.00 29.01
-0.50 -1.00 29.10
-0.50 -1.00 29.03
-0.50 -1.00 29.03
-0.50 -1.00 29.05
-0.50 -1.00 29.07
-0.50 -1.00 29.08
-0.50 -1.00 29.01
-0.50 -1.00 29.04
-0.50 -1.00 29.08
-0.50 -1.00 29.00
-0.50 -1.00 29.08
-0.50 -1.00 29.09
-0.50 -1.00 29.04
-0.50 -1.00 29.06
-0.50 -1.00 29.07
-0.50 -1.00 29.02
-0.50 -1.00 29.02
-0.50 -1.00 28.11
-0.50 -1.00 29.05
-0.50 -1.00 29.09
-0.50 -1.00 28.10
-0.50 -1.00 29.02
-0.50 -1.00 29.09
-0.50 -1.00 29.13
-0.50 -1.00 29.13
-0.50 -1.00 29.04
-0.50 -1.00 29.04
-0.50 -1.00 29.08
-0.50 -1.00 29.09
-0.50 -1.00 29.10
-0.50 -1.00 29.12
-0.50 -1.00 29.02
-0.50 -1.00 29.04
-0.50 -1.00 29.11
-0.50 -1.00 29.09
-0.50 -1.00 29.10
-0.50 -1.00 29.06
-0.50 -1.00 29.05
-0.50 -1.00 29.08
-0.50 -1.00 29.07
-0.50 -1.00 29.05
-0.50 -1.00 28.13
-0.50 -1.00 28.14
-0.50 -1.00 29.04
-0.50 -1.00 29.07
-0.50 -1.00 28.11
-0.50 -1.00 29.02
-0.50 -1.00 29.06
-0.50 -1.00 29.13
-0.50 -1.00 29.08
-0.50 -1.00 29.08
-0.50 -1.00 29.03
58.00 95.00 29.09
58.00 95.00 29.10
58.00 95.00 29.12
58.00 95.00 29.06
58.00 95.00 29.01
58.00 95.00 29.04
58.00 95.00 29.09
58.00 95.00 29.10
58.00 95.00 29.01
58.00 95.00 29.05
58.00 95.00 29.01
58.00 95.00 29.06
58.00 95.00 29.09
58.00 95.00 29.01
58.00 95.00 29.13
58.00 95.00 29.02
58.00 95.00 28.15
58.00 95.00 29.12
58.00 95.00 29.02
58.00 95.00 29.02
58.00 95.00 29.07
58.00 95.00 29.06
58.00 95.00 29.08
58.00 95.00 29.07
58.00 95.00 29.05
58.00 95.00 29.02
58.00 95.00 29.09
58.00 95.00 30.03
58.00 95.00 29.11
58.00 95.00 28.12
58.00 95.00 29.04
58.00 95.00 29.11
58.00 95.00 29.03
58.00 95.00 29.06
58.00 95.00 29.12
58.00 95.00 29.02
58.00 95.00 29.02
58.00 95.00 29.06
58.00 95.00 29.01
58.00 95.00 29.13
58.00 95.00 29.08
58.00 95.00 28.15
58.00 95.00 29.06
58.00 95.00 29.11
58.00 95.00 29.01
58.00 95.00 29.10
58.00 95.00 29.05
58.00 95.00 29.02
58.00 95.00 29.10
58.00 95.00 28.15
58.00 95.00 29.14
58.00 95.00 28.13
58.00 95.00 28.15
58.00 95.00 29.11
58.00 95.00 29.03
58.00 95.00 28.15
58.00 95.00 30.04
58.00 95.00 29.06
58.00 95.00 29.08
58.00 95.00 29.06
58.00 95.00 29.04
58.00 95.00 29.02
58.00 95.00 29.02
58.00 95.00 28.15
58.00 95.00 29.11
58.00 95.00 29.00
58.00 95.00 29.03
58.00 95.00 29.06
58.00 95.00 29.02
58.00 95.00 29.04
58.00 95.00 28.15
58.00 95.00 29.04
58.00 95.00 29.10
58.00 95.00 29.05
58.00 95.00 29.00
58.00 95.00 29.11
58.00 95.00 29.02
58.00 95.00 29.00
60.00 -1.00 29.04
60.00 -1.00 29.09
60.00 -1.00 29.02
60.00 -1.00 29.11
60.00 -1.00 29.05
60.00 -1.00 29.05
60.00 -1.00 29.03
60.00 -1.00 29.00
60.00 -1.00 29.09
60.00 -1.00 28.15
60.00 -1.00 29.02
60.00 -1.00 29.05
60.00 -1.00 28.11
60.00 -1.00 29.01
60.00 -1.00 29.15
60.00 -1.00 29.04
60.00 -1.00 29.02
60.00 -1.00 29.08
60.00 -1.00 28.12
60.00 -1.00 29.07
60.00 -1.00 28.13
60.00 -1.00 29.01
60.00 -1.00 29.13
60.00 -1.00 29.03
60.00 -1.00 28.10
60.00 -1.00 29.07
60.00 -1.00 29.13
60.00 -1.00 29.03
60.00 -1.00 29.05
60.00 -1.00 29.03
60.00 -1.00 29.02
60.00 -1.00 29.12
60.00 -1.00 28.15
60.00 -1.00 29.09
60.00 -1.00 28.10
60.00 -1.00 29.00
60.00 -1.00 29.08
60.00 -1.00 29.04
60.00 -1.00 29.05
60.00 -1.00 29.13
60.00 -1.00 29.03
60.00 -1.00 29.04
60.00 -1.00 29.11
60.00 -1.00 29.01
60.00 -1.00 29.12
60.00 -1.00 29.03
60.00 -1.00 28.15
60.00 -1.00 29.11
60.00 -1.00 29.04
60.00 -1.00 29.07
60.00 -1.00 29.03
60.00 -1.00 29.06
60.00 -1.00 28.13
60.00 -1.00 29.10
60.00 -1.00 29.01
60.00 -1.00 29.06
60.00 -1.00 29.02
60.00 -1.00 29.05
60.00 -1.00 29.08
60.00 -1.00 29.03
60.00 -1.00 29.06
60.00 -1.00 30.01
60.00 -1.00 28.15
60.00 -1.00 29.02
60.00 -1.00 29.05
60.00 -1.00 28.15
60.00 -1.00 29.00
60.00 -1.00 29.09
60.00 -1.00 29.12
60.00 -1.00 29.04
60.00 -1.00 29.09
60.00 -1.00 29.01
60.00 -1.00 29.13
60.00 -1.00 29.04
60.00 -1.00 28.14
60.00 -1.00 29.06
60.00 -1.00 29.06
60.00 -1.00 28.13
-0.50 -1.00 29.06
-0.50 -1.00 29.01
-0.50 -1.00 29.06
-0.50 -1.00 29.02
-0.50 -1.00 29.04
-0.50 -1.00 29.04
-0.50 -1.00 29.09
-0.50 -1.00 29.00
-0.50 -1.00 29.09
-0.50 -1.00 29.04
-0.50 -1.00 28.12
-0.50 -1.00 29.09
-0.50 -1.00 29.04
-0.50 -1.00 29.06
-0.50 -1.00 29.03
-0.50 -1.00 29.04
-0.50 -1.00 29.10
-0.50 -1.00 29.05
-0.50 -1.00 29.03
-0.50 -1.00 29.04
-0.50 -1.00 29.01
-0.50 -1.00 28.12
-0.50 -1.00 29.10
-0.50 -1.00 29.04
-0.50 -1.00 29.12
-0.50 -1.00 29.04
-0.50 -1.00 29.06
-0.50 -1.00 29.04
-0.50 -1.00 29.06
-0.50 -1.00 29.05
-0.50 -1.00 29.07
-0.50 -1.00 29.01
-0.50 -1.00 29.01
-0.50 -1.00 29.08
-0.50 -1.00 29.02
-0.50 -1.00 29.04
-0.50 -1.00 29.07
-0.50 -1.00 29.11
-0.50 -1.00 29.04
-0.50 -1.00 29.07
-0.50 -1.00 29.00
-0.50 -1.00 29.10
-0.50 -1.00 28.15
-0.50 -1.00 28.10
-0.50 -1.00 29.09
-0.50 -1.00 29.07
-0.50 -1.00 29.03
-0.50 -1.00 30.01
-0.50 -1.00 29.06
-0.50 -1.00 29.08
-0.50 -1.00 29.09
-0.50 -1.00 29.01
-0.50 -1.00 29.02
-0.50 -1.00 29.11
-0.50 -1.00 29.09
-0.50 -1.00 29.09
-0.50 -1.00 28.15
-0.50 -1.00 29.00
-0.50 -1.00 29.04
-0.50 -1.00 29.13
-0.50 -1.00 29.01
-0.50 -1.00 29.06
-0.50 -1.00 29.04
-0.50 -1.00 29.02
-0.50 -1.00 29.08
-0.50 -1.00 30.01
-0.50 -1.00 29.07
-0.50 -1.00 28.15
-0.50 -1.00 29.01
-0.50 -1.00 29.12
-0.50 -1.00 28.15
-0.50 -1.00 29.05
-0.50 -1.00 29.12
-0.50 -1.00 29.03
-0.50 -1.00 29.00
-0.50 -1.00 29.12
-0.50 -1.00 29.04
-0.50 -1.00 28.13
-0.50 96.00 28.13
-0.50 96.00 29.00
-0.50 96.00 29.09
-0.50 96.00 29.10
-0.50 96.00 29.00
-0.50 96.00 29.07
-0.50 96.00 29.12
-0.50 96.00 29.04
-0.50 96.00 29.04
-0.50 96.00 29.05
-0.50 96.00 29.02
-0.50 96.00 29.12
-0.50 96.00 29.11
-0.50 96.00 29.12
-0.50 96.00 29.01
-0.50 96.00 29.01
-0.50 96.00 29.11
-0.50 96.00 29.08
-0.50 96.00 28.13
-0.50 96.00 29.07
-0.50 96.00 28.15
-0.50 96.00 28.14
-0.50 96.00 29.09
-0.50 96.00 29.00
-0.50 96.00 29.13
-0.50 96.00 29.03
-0.50 96.00 28.13
-0.50 96.00 29.10
-0.50 96.00 29.03
-0.50 96.00 28.11
-0.50 96.00 29.08
-0.50 96.00 29.03
-0.50 96.00 29.06
-0.50 96.00 29.01
-0.50 96.00 29.05
-0.50 96.00 29.01
-0.50 96.00 29.00
-0.50 96.00 28.15
-0.50 96.00 29.08
-0.50 96.00 29.04
-0.50 96.00 29.06
-0.50 96.00 29.05
-0.50 96.00 29.09
-0.50 96.00 29.02
-0.50 96.00 29.07
-0.50 96.00 29.00
-0.50 96.00 28.13
-0.50 96.00 29.13
-0.50 96.00 29.12
-0.50 96.00 29.08
-0.50 96.00 29.05
-0.50 96.00 29.04
-0.50 96.00 29.00
-0.50 96.00 29.03
-0.50 96.00 28.13
-0.50 96.00 29.07
-0.50 96.00 29.05
-0.50 96.00 28.14
-0.50 96.00 29.06
-0.50 96.00 28.12
-0.50 96.00 29.00
-0.50 96.00 29.00
-0.50 96.00 29.03
-0.50 96.00 29.07
-0.50 96.00 29.02
-0.50 96.00 29.05
-0.50 96.00 29.10
-0.50 96.00 29.05
-0.50 96.00 29.04
-0.50 96.00 29.03
-0.50 96.00 28.09
-0.50 96.00 29.04
-0.50 96.00 29.10
-0.50 96.00 29.07
-0.50 96.00 29.07
-0.50 96.00 29.04
-0.50 96.00 29.05
-0.50 96.00 29.02
-0.50 96.00 29.00
52.50 -1.00 29.13
52.50 -1.00 29.05
52.50 -1.00 29.00
52.50 -1.00 29.05
52.50 -1.00 29.06
52.50 -1.00 30.01
52.50 -1.00 29.04
52.50 -1.00 29.00
52.50 -1.00 29.01
52.50 -1.00 29.02
52.50 -1.00 29.00
52.50 -1.00 28.14
52.50 -1.00 29.05
52.50 -1.00 28.15
52.50 -1.00 28.14
52.50 -1.00 29.09
52.50 -1.00 28.10
52.50 -1.00 28.15
52.50 -1.00 28.08
52.50 -1.00 29.05
52.50 -1.00 29.05
52.50 -1.00 29.09
52.50 -1.00 29.01
52.50 -1.00 29.12
52.50 -1.00 29.02
52.50 -1.00 28.10
52.50 -1.00 29.08
52.50 -1.00 28.15
52.50 -1.00 29.01
52.50 -1.00 28.11
52.50 -1.00 28.12
52.50 -1.00 28.10
52.50 -1.00 29.01
52.50 -1.00 29.02
52.50 -1.00 29.00
52.50 -1.00 29.00
52.50 -1.00 29.07
52.50 -1.00 29.04
52.50 -1.00 28.10
52.50 -1.00 28.14
52.50 -1.00 29.03
52.50 -1.00 29.02
52.50 -1.00 29.06
52.50 -1.00 29.12
52.50 -1.00 28.14
52.50 -1.00 28.14
52.50 -1.00 29.08
52.50 -1.00 28.11
52.50 -1.00 29.01
52.50 -1.00 28.15
52.50 -1.00 28.12
52.50 -1.00 29.06
52.50 -1.00 28.09
52.50 -1.00 28.12
52.50 -1.00 29.06
52.50 -1.00 28.14
52.50 -1.00 29.03
52.50 -1.00 29.05
52.50 -1.00 29.01
52.50 -1.00 29.06
52.50 -1.00 28.13
52.50 -1.00 29.04
52.50 -1.00 29.04
52.50 -1.00 28.10
52.50 -1.00 28.13
52.50 -1.00 28.14
52.50 -1.00 29.00
52.50 -1.00 29.03
52.50 -1.00 29.09
52.50 -1.00 28.14
52.50 -1.00 29.04
52.50 -1.00 29.05
52.50 -1.00 29.00
52.50 -1.00 29.05
52.50 -1.00 28.12
52.50 -1.00 28.12
52.50 -1.00 29.07
52.50 -1.00 29.06
-0.50 96.00 29.00
-0.50 96.00 29.08
-0.50 96.00 29.01
-0.50 96.00 29.03
-0.50 96.00 29.06
-0.50 96.00 29.13
-0.50 96.00 29.09
-0.50 96.00 28.14
-0.50 96.00 29.00
-0.50 96.00 29.09
-0.50 96.00 29.08
-0.50 96.00 28.12
-0.50 96.00 29.10
-0.50 96.00 29.03
-0.50 96.00 28.14
-0.50 96.00 29.07
-0.50 96.00 29.00
-0.50 96.00 29.11
-0.50 96.00 29.00
-0.50 96.00 29.04
-0.50 96.00 29.03
-0.50 96.00 28.15
-0.50 96.00 29.03
-0.50 96.00 29.09
-0.50 96.00 29.04
-0.50 96.00 29.06
-0.50 96.00 29.03
-0.50 96.00 29.03
-0.50 96.00 29.00
-0.50 96.00 29.00
-0.50 96.00 29.02
-0.50 96.00 29.06
-0.50 96.00 28.15
-0.50 96.00 29.00
-0.50 96.00 29.05
-0.50 96.00 29.05
-0.50 96.00 29.05
-0.50 96.00 29.04
-0.50 96.00 29.01
-0.50 96.00 29.03
-0.50 96.00 29.00
-0.50 96.00 29.01
-0.50 96.00 29.14
-0.50 96.00 29.00
-0.50 96.00 29.02
-0.50 96.00 29.07
-0.50 96.00 28.14
-0.50 96.00 29.05
-0.50 96.00 29.10
-0.50 96.00 29.03
-0.50 96.00 29.06
-0.50 96.00 29.02
-0.50 96.00 29.06
-0.50 96.00 29.02
-0.50 96.00 28.15
-0.50 96.00 29.05
-0.50 96.00 29.08
-0.50 96.00 28.13
-0.50 96.00 29.06
-0.50 96.00 29.08
-0.50 96.00 29.13
-0.50 96.00 29.07
-0.50 96.00 29.05
-0.50 96.00 28.15
-0.50 96.00 28.15
-0.50 96.00 29.07
-0.50 96.00 29.00
-0.50 96.00 29.03
-0.50 96.00 28.10
-0.50 96.00 29.03
-0.50 96.00 29.05
-0.50 96.00 29.09
-0.50 96.00 29.08
-0.50 96.00 29.03
-0.50 96.00 29.02
-0.50 96.00 29.09
-0.50 96.00 29.03
-0.50 96.00 29.04
48.00 97.00 29.13
48.00 97.00 29.04
48.00 97.00 29.05
48.00 97.00 29.07
48.00 97.00 29.07
48.00 97.00 29.03
48.00 97.00 29.07
48.00 97.00 29.04
48.00 97.00 29.05
48.00 97.00 29.09
48.00 97.00 28.14
48.00 97.00 29.03
48.00 97.00 28.13
48.00 97.00 29.02
48.00 97.00 29.04
48.00 97.00 28.14
48.00 97.00 28.15
48.00 97.00 29.08
48.00 97.00 29.08
48.00 97.00 29.05
-0.50 -1.00 29.09
48.00 97.00 29.02
48.00 97.00 29.04
48.00 97.00 29.13
48.00 97.00 29.13
48.00 97.00 29.09
48.00 97.00 29.02
48.00 97.00 29.00
48.00 97.00 29.04
48.00 97.00 29.09
48.00 97.00 29.08
48.00 97.00 29.06
48.00 97.00 29.04
48.00 97.00 29.07
48.00 97.00 29.09
48.00 97.00 29.13
48.00 97.00 29.04
48.00 97.00 28.13
48.00 97.00 28.14
48.00 97.00 29.09
48.00 97.00 29.11
48.00 97.00 29.02
48.00 97.00 29.14
48.00 97.00 29.03
48.00 97.00 29.00
48.00 97.00 29.08
48.00 97.00 28.15
48.00 97.00 29.05
48.00 97.00 28.06
48.00 97.00 29.05
48.00 97.00 29.06
48.00 97.00 29.06
48.00 97.00 29.06
48.00 97.00 29.02
48.00 97.00 29.04
48.00 97.00 29.03
48.00 97.00 29.07
48.00 97.00 29.00
48.00 97.00 29.00
48.00 97.00 29.10
48.00 97.00 29.09
48.00 97.00 29.10
48.00 97.00 29.09
48.00 97.00 29.04
48.00 97.00 29.06
48.00 97.00 29.07
48.00 97.00 29.04
48.00 97.00 28.13
48.00 97.00 29.00
48.00 97.00 29.07
48.00 97.00 29.09
48.00 97.00 30.00
48.00 97.00 29.08
48.00 97.00 29.10
48.00 97.00 29.00
48.00 97.00 29.03
48.00 97.00 29.09
48.00 97.00 29.05
53.50 95.00 29.15
53.50 95.00 29.04
53.50 95.00 28.15
53.50 95.00 29.08
53.50 95.00 29.00
53.50 95.00 29.07
53.50 95.00 29.00
53.50 95.00 29.03
53.50 95.00 29.07
53.50 95.00 29.07
53.50 95.00 29.07
53.50 95.00 29.07
53.50 95.00 29.09
53.50 95.00 29.05
53.50 95.00 29.09
53.50 95.00 29.01
53.50 95.00 29.07
53.50 95.00 29.07
53.50 95.00 29.06
53.50 95.00 29.09
53.50 95.00 29.13
53.50 95.00 29.02
53.50 95.00 29.02
53.50 95.00 29.05
53.50 95.00 29.00
53.50 95.00 29.10
53.50 95.00 29.02
53.50 95.00 29.07
53.50 95.00 29.07
53.50 95.00 30.01
53.50 95.00 29.13
53.50 95.00 29.09
53.50 95.00 29.02
53.50 95.00 29.06
53.50 95.00 29.07
53.50 95.00 29.08
53.50 95.00 29.03
53.50 95.00 29.01
53.50 95.00 29.03
53.50 95.00 29.12
53.50 95.00 28.10
53.50 95.00 29.00
53.50 95.00 29.15
53.50 95.00 28.15
53.50 95.00 29.05
53.50 95.00 29.07
53.50 95.00 29.06
53.50 95.00 29.05
53.50 95.00 29.03
53.50 95.00 29.00
53.50 95.00 29.06
53.50 95.00 29.03
53.50 95.00 29.04
53.50 95.00 29.09
53.50 95.00 29.13
53.50 95.00 29.09
53.50 95.00 29.06
53.50 95.00 29.06
53.50 95.00 29.05
53.50 95.00 29.02
53.50 95.00 29.05
53.50 95.00 29.09
53.50 95.00 29.00
53.50 95.00 29.05
53.50 95.00 29.11
53.50 95.00 29.12
53.50 95.00 29.10
53.50 95.00 29.05
53.50 95.00 29.02
53.50 95.00 29.02
53.50 95.00 29.06
53.50 95.00 30.00
53.50 95.00 29.09
53.50 95.00 29.01
53.50 95.00 29.00
53.50 95.00 29.08
53.50 95.00 28.13
53.50 95.00 29.03
55.00 96.00 29.02
55.00 96.00 29.05
55.00 96.00 29.07
55.00 96.00 29.12
55.00 96.00 29.02
55.00 96.00 29.01
55.00 96.00 28.12
55.00 96.00 29.05
55.00 96.00 29.09
55.00 96.00 29.03
55.00 96.00 28.13
55.00 96.00 29.10
55.00 96.00 29.07
55.00 96.00 29.08
55.00 96.00 29.08
55.00 96.00 29.00
55.00 96.00 29.06
55.00 96.00 29.15
55.00 96.00 29.08
55.00 96.00 29.10
55.00 96.00 28.15
55.00 96.00 29.05
55.00 96.00 29.06
55.00 96.00 29.08
55.00 96.00 29.04
55.00 96.00 29.05
55.00 96.00 29.06
55.00 96.00 29.01
55.00 96.00 29.05
55.00 96.00 29.01
55.00 96.00 29.13
55.00 96.00 29.01
55.00 96.00 29.04
55.00 96.00 29.08
55.00 96.00 29.01
55.00 96.00 29.06
55.00 96.00 29.07
55.00 96.00 29.04
55.00 96.00 29.11
55.00 96.00 29.10
55.00 96.00 29.05
55.00 96.00 29.05
55.00 96.00 29.14
55.00 96.00 29.02
55.00 96.00 29.09
55.00 96.00 28.15
55.00 96.00 28.15
55.00 96.00 29.06
55.00 96.00 29.09
55.00 96.00 29.05
55.00 96.00 29.05
55.00 96.00 29.05
55.00 96.00 29.05
55.00 96.00 29.06
55.00 96.00 30.01
55.00 96.00 29.10
55.00 96.00 28.15
55.00 96.00 29.03
55.00 96.00 29.09
55.00 96.00 29.07
55.00 96.00 29.03
55.00 96.00 29.04
55.00 96.00 29.06
55.00 96.00 29.08
55.00 96.00 29.06
55.00 96.00 29.03
55.00 96.00 29.10
55.00 96.00 29.03
55.00 96.00 29.00
55.00 96.00 29.10
55.00 96.00 29.06
55.00 96.00 29.06
55.00 96.00 30.03
55.00 96.00 29.03
55.00 96.00 29.05
55.00 96.00 29.06
55.00 96.00 29.02
55.00 96.00 30.01
55.00 96.00 28.13
54.00 -1.00 29.00
54.00 -1.00 30.00
54.00 -1.00 29.09
54.00 -1.00 29.03
54.00 -1.00 29.03
54.00 -1.00 29.10
54.00 -1.00 29.05
54.00 -1.00 29.06
54.00 -1.00 29.01
54.00 -1.00 29.13
54.00 -1.00 29.08
54.00 -1.00 30.01
54.00 -1.00 29.11
54.00 -1.00 28.14
54.00 -1.00 29.06
54.00 -1.00 29.08
54.00 -1.00 29.09
54.00 -1.00 29.02
54.00 -1.00 29.11
54.00 -1.00 29.02
54.00 -1.00 29.01
54.00 -1.00 29.11
54.00 -1.00 29.13
54.00 -1.00 29.10
54.00 -1.00 29.03
54.00 -1.00 29.05
54.00 -1.00 29.07
54.00 -1.00 29.05
54.00 -1.00 29.00
54.00 -1.00 29.11
54.00 -1.00 29.03
54.00 -1.00 29.05
54.00 -1.00 29.09
54.00 -1.00 29.00
54.00 -1.00 29.11
54.00 -1.00 28.15
54.00 -1.00 29.02
54.00 -1.00 29.09
54.00 -1.00 29.05
54.00 -1.00 29.05
54.00 -1.00 29.15
54.00 -1.00 29.04
54.00 -1.00 29.03
54.00 -1.00 29.12
54.00 -1.00 29.03
54.00 -1.00 28.15
54.00 -1.00 29.12
54.00 -1.00 29.14
54.00 -1.00 29.12
54.00 -1.00 29.06
54.00 -1.00 29.05
54.00 -1.00 29.06
54.00 -1.00 29.09
54.00 -1.00 28.15
54.00 -1.00 29.11
54.00 -1.00 29.02
54.00 -1.00 29.00
54.00 -1.00 29.13
54.00 -1.00 28.15
54.00 -1.00 29.07
54.00 -1.00 29.06
54.00 -1.00 29.04
54.00 -1.00 29.08
54.00 -1.00 29.06
54.00 -1.00 29.07
54.00 -1.00 29.10
54.00 -1.00 29.03
54.00 -1.00 29.06
54.00 -1.00 29.11
54.00 -1.00 29.00
54.00 -1.00 29.05
54.00 -1.00 29.00
54.00 -1.00 29.09
54.00 -1.00 29.07
54.00 -1.00 29.04
54.00 -1.00 29.07
54.00 -1.00 29.10
54.00 -1.00 29.10
54.50 -1.00 29.15
54.50 -1.00 29.05
54.50 -1.00 29.03
54.50 -1.00 29.05
54.50 -1.00 29.08
54.50 -1.00 28.15
54.50 -1.00 29.10
54.50 -1.00 29.12
54.50 -1.00 29.05
54.50 -1.00 29.08
54.50 -1.00 29.13
-0.50 -1.00 29.05
54.50 -1.00 29.08
54.50 -1.00 29.07
54.50 -1.00 29.01
54.50 -1.00 29.10
54.50 -1.00 29.07
54.50 -1.00 29.14
54.50 -1.00 29.07
54.50 -1.00 29.02
54.50 -1.00 29.10
54.50 -1.00 29.09
54.50 -1.00 29.03
54.50 -1.00 29.15
54.50 -1.00 29.04
54.50 -1.00 29.01
54.50 -1.00 29.12
54.50 -1.00 29.04
54.50 -1.00 29.01
54.50 -1.00 29.01
54.50 -1.00 28.15
54.50 -1.00 29.09
54.50 -1.00 29.06
54.50 -1.00 29.07
54.50 -1.00 29.07
54.50 -1.00 29.10
54.50 -1.00 29.09
54.50 -1.00 29.08
54.50 -1.00 28.13
54.50 -1.00 29.08
54.50 -1.00 29.11
54.50 -1.00 29.01
54.50 -1.00 29.09
54.50 -1.00 29.10
54.50 -1.00 29.02
54.50 -1.00 29.03
54.50 -1.00 29.07
54.50 -1.00 28.13
54.50 -1.00 29.09
54.50 -1.00 29.03
54.50 -1.00 29.05
54.50 -1.00 29.07
54.50 -1.00 29.00
54.50 -1.00 29.05
54.50 -1.00 29.09
54.50 -1.00 29.08
54.50 -1.00 29.05
54.50 -1.00 29.03
54.50 -1.00 29.06
54.50 -1.00 29.08
54.50 -1.00 29.06
54.50 -1.00 29.00
54.50 -1.00 29.11
54.50 -1.00 29.07
54.50 -1.00 28.15
54.50 -1.00 29.15
54.50 -1.00 29.04
54.50 -1.00 29.10
54.50 -1.00 29.06
54.50 -1.00 29.07
54.50 -1.00 29.13
54.50 -1.00 29.06
54.50 -1.00 28.15
54.50 -1.00 29.13
54.50 -1.00 29.01
54.50 -1.00 29.05
54.50 -1.00 29.05
54.50 -1.00 29.08
53.00 94.00 29.10
53.00 94.00 29.03
53.00 94.00 29.05
53.00 94.00 29.02
53.00 94.00 29.06
53.00 94.00 29.01
53.00 94.00 29.10
53.00 94.00 29.06
53.00 94.00 29.00
53.00 94.00 29.09
53.00 94.00 29.13
53.00 94.00 29.01
53.00 94.00 29.08
53.00 94.00 29.06
53.00 94.00 29.05
53.00 94.00 29.11
53.00 94.00 29.02
53.00 94.00 29.10
53.00 94.00 28.12
53.00 94.00 29.05
53.00 94.00 29.06
53.00 94.00 29.15
53.00 94.00 29.02
53.00 94.00 29.10
53.00 94.00 29.07
53.00 94.00 29.04
53.00 94.00 29.13
53.00 94.00 29.13
53.00 94.00 29.12
53.00 94.00 29.04
53.00 94.00 29.08
53.00 94.00 29.09
53.00 94.00 29.08
53.00 94.00 28.15
53.00 94.00 29.11
53.00 94.00 29.07
53.00 94.00 29.05
53.00 94.00 29.11
53.00 94.00 28.15
53.00 94.00 30.01
53.00 94.00 29.00
53.00 94.00 29.02
53.00 94.00 29.13
53.00 94.00 29.07
53.00 94.00 29.06
53.00 94.00 29.09
53.00 94.00 29.13
53.00 94.00 29.01
53.00 94.00 29.11
53.00 94.00 29.08
53.00 94.00 29.00
53.00 94.00 29.07
53.00 94.00 29.05
53.00 94.00 29.09
53.00 94.00 29.11
53.00 94.00 29.07
53.00 94.00 29.05
53.00 94.00 29.07
53.00 94.00 29.07
53.00 94.00 29.07
53.00 94.00 29.04
53.00 94.00 29.09
53.00 94.00 29.07
53.00 94.00 29.06
53.00 94.00 29.10
53.00 94.00 29.00
53.00 94.00 29.09
53.00 94.00 29.13
53.00 94.00 29.05
53.00 94.00 29.07
53.00 94.00 29.14
53.00 94.00 29.01
53.00 94.00 29.05
53.00 94.00 29.10
53.00 94.00 29.07
53.00 94.00 29.12
53.00 94.00 29.08
53.00 94.00 29.09
48.50 95.00 29.05
48.50 95.00 29.06
48.50 95.00 29.01
48.50 95.00 29.09
48.50 95.00 29.01
48.50 95.00 29.07
48.50 95.00 29.10
48.50 95.00 29.03
48.50 95.00 29.06
48.50 95.00 29.09
48.50 95.00 29.08
48.50 95.00 29.06
48.50 95.00 29.11
48.50 95.00 29.05
48.50 95.00 30.01
48.50 95.00 29.03
48.50 95.00 29.05
48.50 95.00 29.12
48.50 95.00 29.02
48.50 95.00 29.03
48.50 95.00 30.02
48.50 95.00 29.01
48.50 95.00 29.10
48.50 95.00 29.12
48.50 95.00 29.05
48.50 95.00 29.09
48.50 95.00 29.05
48.50 95.00 29.00
48.50 95.00 29.12
48.50 95.00 29.03
48.50 95.00 29.09
48.50 95.00 29.09
48.50 95.00 29.13
48.50 95.00 29.12
48.50 95.00 29.07
48.50 95.00 29.06
48.50 95.00 29.09
48.50 95.00 29.10
48.50 95.00 29.15
48.50 95.00 29.10
48.50 95.00 29.01
48.50 95.00 29.02
48.50 95.00 29.10
48.50 95.00 29.09
48.50 95.00 29.09
48.50 95.00 29.09
48.50 95.00 29.05
48.50 95.00 29.06
48.50 95.00 29.07
48.50 95.00 29.07
48.50 95.00 30.04
48.50 95.00 28.14
48.50 95.00 29.02
48.50 95.00 29.10
48.50 95.00 28.12
48.50 95.00 29.04
48.50 95.00 30.00
48.50 95.00 29.05
48.50 95.00 29.06
48.50 95.00 29.08
48.50 95.00 29.03
48.50 95.00 29.05
48.50 95.00 29.02
48.50 95.00 29.04
48.50 95.00 29.11
48.50 95.00 29.04
48.50 95.00 29.06
48.50 95.00 29.09
48.50 95.00 29.15
48.50 95.00 29.05
48.50 95.00 29.06
48.50 95.00 29.07
48.50 95.00 29.10
48.50 95.00 29.09
48.50 95.00 29.06
48.50 95.00 29.12
48.50 95.00 29.00
48.50 95.00 29.07
44.50 -1.00 29.04
44.50 -1.00 29.11
44.50 -1.00 29.10
44.50 -1.00 29.13
44.50 -1.00 29.03
44.50 -1.00 29.06
44.50 -1.00 29.10
44.50 -1.00 30.02
44.50 -1.00 29.12
44.50 -1.00 29.03
44.50 -1.00 29.09
44.50 -1.00 29.06
44.50 -1.00 29.09
44.50 -1.00 29.11
44.50 -1.00 29.13
44.50 -1.00 29.04
44.50 -1.00 29.09
44.50 -1.00 29.12
44.50 -1.00 29.03
44.50 -1.00 29.00
44.50 -1.00 29.00
44.50 -1.00 29.08
44.50 -1.00 29.12
44.50 -1.00 29.13
44.50 -1.00 29.07
44.50 -1.00 29.07
44.50 -1.00 29.12
44.50 -1.00 29.06
44.50 -1.00 29.04
44.50 -1.00 29.02
44.50 -1.00 29.02
44.50 -1.00 29.10
44.50 -1.00 30.01
44.50 -1.00 29.09
44.50 -1.00 29.01
44.50 -1.00 29.07
44.50 -1.00 29.09
44.50 -1.00 29.12
44.50 -1.00 29.06
44.50 -1.00 29.09
44.50 -1.00 29.06
44.50 -1.00 29.09
44.50 -1.00 30.00
44.50 -1.00 30.03
44.50 -1.00 29.13
44.50 -1.00 29.01
44.50 -1.00 29.01
44.50 -1.00 29.10
44.50 -1.00 29.07
44.50 -1.00 29.07
44.50 -1.00 29.09
44.50 -1.00 29.08
44.50 -1.00 29.09
44.50 -1.00 29.10
44.50 -1.00 29.01
44.50 -1.00 29.06
44.50 -1.00 29.01
44.50 -1.00 29.10
44.50 -1.00 29.06
44.50 -1.00 29.11
44.50 -1.00 29.09
44.50 -1.00 29.05
44.50 -1.00 29.10
44.50 -1.00 29.09
44.50 -1.00 29.08
44.50 -1.00 29.04
44.50 -1.00 29.05
44.50 -1.00 29.12
44.50 -1.00 29.14
44.50 -1.00 29.13
44.50 -1.00 29.11
44.50 -1.00 29.05
44.50 -1.00 29.07
44.50 -1.00 29.09
44.50 -1.00 29.07
44.50 -1.00 29.05
44.50 -1.00 29.05
44.50 -1.00 29.08
43.50 96.00 29.12
43.50 96.00 30.04
43.50 96.00 29.09
43.50 96.00 28.12
43.50 96.00 29.09
43.50 96.00 29.12
43.50 96.00 29.11
43.50 96.00 28.15
43.50 96.00 29.11
43.50 96.00 29.02
43.50 96.00 29.09
43.50 96.00 29.11
43.50 96.00 29.01
43.50 96.00 29.04
43.50 96.00 29.01
43.50 96.00 29.05
43.50 96.00 29.07
43.50 96.00 29.07
43.50 96.00 29.07
43.50 96.00 29.09
43.50 96.00 29.03
43.50 96.00 29.08
43.50 96.00 29.10
43.50 96.00 29.02
43.50 96.00 29.01
43.50 96.00 29.14
43.50 96.00 29.15
43.50 96.00 29.07
43.50 96.00 29.11
43.50 96.00 29.03
43.50 96.00 29.06
43.50 96.00 30.00
43.50 96.00 29.00
43.50 96.00 29.07
43.50 96.00 29.01
43.50 96.00 28.13
43.50 96.00 29.13
43.50 96.00 29.02
43.50 96.00 29.10
43.50 96.00 28.15
43.50 96.00 29.07
43.50 96.00 29.10
43.50 96.00 29.12
43.50 96.00 29.07
43.50 96.00 29.13
43.50 96.00 29.05
43.50 96.00 29.08
43.50 96.00 29.13
43.50 96.00 28.14
43.50 96.00 29.04
43.50 96.00 28.15
43.50 96.00 29.08
43.50 96.00 29.07
43.50 96.00 29.06
43.50 96.00 29.05
43.50 96.00 29.10
43.50 96.00 29.07
43.50 96.00 29.01
43.50 96.00 29.09
43.50 96.00 29.06
43.50 96.00 29.05
43.50 96.00 29.13
43.50 96.00 29.01
43.50 96.00 29.06
43.50 96.00 29.09
43.50 96.00 29.04
43.50 96.00 29.08
43.50 96.00 29.09
43.50 96.00 29.03
43.50 96.00 29.13
43.50 96.00 29.08
43.50 96.00 29.03
43.50 96.00 29.09
43.50 96.00 29.02
43.50 96.00 29.09
43.50 96.00 29.01
43.50 96.00 29.03
43.50 96.00 29.11
43.50 96.00 29.08
49.50 96.00 29.07
49.50 96.00 29.11
49.50 96.00 29.04
49.50 96.00 29.06
49.50 96.00 29.13
49.50 96.00 29.00
49.50 96.00 29.08
49.50 96.00 29.02
49.50 96.00 29.09
49.50 96.00 29.08
49.50 96.00 29.08
49.50 96.00 29.09
49.50 96.00 29.10
49.50 96.00 29.08
49.50 96.00 29.06
49.50 96.00 29.09
49.50 96.00 29.04
49.50 96.00 29.05
49.50 96.00 29.10
49.50 96.00 28.15
49.50 96.00 29.05
49.50 96.00 28.13
49.50 96.00 29.04
49.50 96.00 29.10
49.50 96.00 29.11
49.50 96.00 29.03
49.50 96.00 29.15
49.50 96.00 29.08
49.50 96.00 29.00
49.50 96.00 29.13
49.50 96.00 29.01
49.50 96.00 29.05
49.50 96.00 29.02
49.50 96.00 29.02
49.50 96.00 29.09
49.50 96.00 29.11
49.50 96.00 29.07
49.50 96.00 29.07
49.50 96.00 29.08
49.50 96.00 29.06
49.50 96.00 29.09
49.50 96.00 29.00
49.50 96.00 29.04
49.50 96.00 29.10
49.50 96.00 30.00
49.50 96.00 29.07
49.50 96.00 29.08
49.50 96.00 29.04
49.50 96.00 29.11
49.50 96.00 29.07
49.50 96.00 29.02
49.50 96.00 29.06
49.50 96.00 29.04
49.50 96.00 29.00
49.50 96.00 29.15
49.50 96.00 28.14
49.50 96.00 28.14
49.50 96.00 29.15
49.50 96.00 29.07
49.50 96.00 29.05
49.50 96.00 29.08
49.50 96.00 29.01
49.50 96.00 29.11
49.50 96.00 29.02
49.50 96.00 29.09
49.50 96.00 29.09
49.50 96.00 28.13
49.50 96.00 29.01
49.50 96.00 28.14
49.50 96.00 29.08
49.50 96.00 29.07
49.50 96.00 29.05
49.50 96.00 29.05
49.50 96.00 29.07
49.50 96.00 29.03
49.50 96.00 29.02
49.50 96.00 29.07
49.50 96.00 28.13
57.00 94.00 29.00
57.00 94.00 29.11
57.00 94.00 29.15
57.00 94.00 29.05
57.00 94.00 29.06
57.00 94.00 28.15
57.00 94.00 29.07
57.00 94.00 29.05
57.00 94.00 29.12
57.00 94.00 29.08
57.00 94.00 29.03
57.00 94.00 29.05
57.00 94.00 29.04
57.00 94.00 29.02
57.00 94.00 29.01
57.00 94.00 30.00
57.00 94.00 29.03
57.00 94.00 29.03
57.00 94.00 29.09
57.00 94.00 29.03
57.00 94.00 28.15
57.00 94.00 29.03
57.00 94.00 29.03
57.00 94.00 29.12
57.00 94.00 28.15
57.00 94.00 29.05
57.00 94.00 29.09
57.00 94.00 29.07
57.00 94.00 29.10
57.00 94.00 29.07
57.00 94.00 29.06
57.00 94.00 29.05
57.00 94.00 29.00
57.00 94.00 29.07
57.00 94.00 29.08
57.00 94.00 29.02
57.00 94.00 29.11
57.00 94.00 29.06
57.00 94.00 29.12
57.00 94.00 29.06
57.00 94.00 29.10
57.00 94.00 29.01
57.00 94.00 29.04
57.00 94.00 29.07
57.00 94.00 30.01
57.00 94.00 29.09
57.00 94.00 29.01
57.00 94.00 29.03
57.00 94.00 29.15
57.00 94.00 29.07
57.00 94.00 28.14
57.00 94.00 29.09
57.00 94.00 29.04
57.00 94.00 29.07
57.00 94.00 29.11
57.00 94.00 29.04
57.00 94.00 29.00
57.00 94.00 29.02
57.00 94.00 29.04
57.00 94.00 29.05
57.00 94.00 28.13
57.00 94.00 29.02
57.00 94.00 29.10
57.00 94.00 29.12
57.00 94.00 29.11
57.00 94.00 29.09
57.00 94.00 29.02
57.00 94.00 29.09
57.00 94.00 29.04
57.00 94.00 29.15
57.00 94.00 29.11
57.00 94.00 29.03
57.00 94.00 29.02
57.00 94.00 29.09
57.00 94.00 29.09
57.00 94.00 28.15
57.00 94.00 29.08
57.00 94.00 29.04
-0.50 -1.00 29.00
-0.50 -1.00 29.10
-0.50 -1.00 29.07
-0.50 -1.00 30.05
-0.50 -1.00 29.03
-0.50 -1.00 29.05
-0.50 -1.00 29.10
-0.50 -1.00 28.14
-0.50 -1.00 28.14
-0.50 -1.00 30.01
-0.50 -1.00 29.05
-0.50 -1.00 29.05
-0.50 -1.00 29.10
-0.50 -1.00 29.05
-0.50 -1.00 29.07
-0.50 -1.00 29.02
-0.50 -1.00 29.04
-0.50 -1.00 29.09
-0.50 -1.00 29.00
-0.50 -1.00 29.00
-0.50 -1.00 29.10
-0.50 -1.00 29.05
-0.50 -1.00 28.13
-0.50 -1.00 29.14
-0.50 -1.00 28.13
-0.50 -1.00 29.02
-0.50 -1.00 29.06
-0.50 -1.00 29.03
-0.50 -1.00 29.10
-0.50 -1.00 29.00
-0.50 -1.00 29.08
-0.50 -1.00 29.09
-0.50 -1.00 28.15
-0.50 -1.00 29.07
-0.50 -1.00 29.11
-0.50 -1.00 29.04
-0.50 -1.00 29.08
-0.50 -1.00 29.05
-0.50 -1.00 29.02
-0.50 -1.00 29.05
-0.50 -1.00 28.15
-0.50 -1.00 29.00
-0.50 -1.00 29.07
-0.50 -1.00 29.00
-0.50 -1.00 29.03
-0.50 -1.00 29.08
-0.50 -1.00 29.12
-0.50 -1.00 29.07
-0.50 -1.00 29.05
-0.50 -1.00 29.06
-0.50 -1.00 29.09
-0.50 -1.00 29.06
-0.50 -1.00 29.13
-0.50 -1.00 29.09
-0.50 -1.00 28.14
-0.50 -1.00 28.15
-0.50 -1.00 29.12
-0.50 -1.00 29.06
-0.50 -1.00 29.04
-0.50 -1.00 30.00
-0.50 -1.00 29.02
-0.50 -1.00 29.00
-0.50 -1.00 29.05
-0.50 -1.00 29.06
-0.50 -1.00 28.15
-0.50 -1.00 29.00
-0.50 -1.00 28.15
-0.50 -1.00 29.13
-0.50 -1.00 29.00
-0.50 -1.00 28.14
-0.50 -1.00 29.04
-0.50 -1.00 29.11
-0.50 -1.00 29.05
-0.50 -1.00 29.10
-0.50 -1.00 29.04
-0.50 -1.00 29.02
-0.50 -1.00 29.06
-0.50 -1.00 29.11
58.00 95.00 29.00
58.00 95.00 29.02
58.00 95.00 29.01
58.00 95.00 29.11
58.00 95.00 29.04
58.00 95.00 29.09
58.00 95.00 29.10
58.00 95.00 29.03
58.00 95.00 29.02
58.00 95.00 29.06
58.00 95.00 29.03
58.00 95.00 29.13
58.00 95.00 29.01
58.00 95.00 29.00
58.00 95.00 29.15
58.00 95.00 29.10
58.00 95.00 29.06
58.00 95.00 29.07
58.00 95.00 29.08
58.00 95.00 29.07
58.00 95.00 29.11
58.00 95.00 29.02
58.00 95.00 29.00
58.00 95.00 29.12
58.00 95.00 29.13
58.00 95.00 29.07
58.00 95.00 28.13
58.00 95.00 29.00
58.00 95.00 29.13
58.00 95.00 30.01
58.00 95.00 29.04
58.00 95.00 29.09
58.00 95.00 29.03
58.00 95.00 29.01
58.00 95.00 29.08
58.00 95.00 29.15
58.00 95.00 29.07
58.00 95.00 29.04
58.00 95.00 29.05
58.00 95.00 29.09
58.00 95.00 29.05
58.00 95.00 29.00
58.00 95.00 29.11
58.00 95.00 29.01
58.00 95.00 29.05
58.00 95.00 29.08
58.00 95.00 29.03
58.00 95.00 29.11
58.00 95.00 29.04
58.00 95.00 29.05
58.00 95.00 29.11
58.00 95.00 29.03
58.00 95.00 29.03
58.00 95.00 29.10
58.00 95.00 29.06
58.00 95.00 29.09
58.00 95.00 29.07
58.00 95.00 29.07
58.00 95.00 29.01
58.00 95.00 29.08
58.00 95.00 30.02
58.00 95.00 29.10
58.00 95.00 29.01
58.00 95.00 28.14
58.00 95.00 29.04
58.00 95.00 29.02
58.00 95.00 29.01
58.00 95.00 29.04
58.00 95.00 29.05
58.00 95.00 29.05
58.00 95.00 29.05
58.00 95.00 29.05
58.00 95.00 29.15
58.00 95.00 29.02
58.00 95.00 29.00
58.00 95.00 29.11
58.00 95.00 29.09
58.00 95.00 28.14
62.00 -1.00 30.04
62.00 -1.00 29.06
62.00 -1.00 29.04
62.00 -1.00 29.07
62.00 -1.00 29.01
62.00 -1.00 30.00
62.00 -1.00 28.15
62.00 -1.00 29.02
62.00 -1.00 29.11
62.00 -1.00 29.10
62.00 -1.00 29.00
62.00 -1.00 30.01
62.00 -1.00 29.06
62.00 -1.00 29.03
62.00 -1.00 29.09
62.00 -1.00 29.05
62.00 -1.00 28.13
62.00 -1.00 28.15
62.00 -1.00 29.03
62.00 -1.00 29.06
62.00 -1.00 28.11
62.00 -1.00 29.03
62.00 -1.00 29.08
62.00 -1.00 29.08
62.00 -1.00 29.00
62.00 -1.00 29.09
62.00 -1.00 29.02
62.00 -1.00 29.06
62.00 -1.00 29.10
62.00 -1.00 29.01
62.00 -1.00 29.11
62.00 -1.00 28.15
62.00 -1.00 29.01
62.00 -1.00 29.03
62.00 -1.00 29.06
62.00 -1.00 29.03
62.00 -1.00 29.13
62.00 -1.00 29.01
62.00 -1.00 29.03
62.00 -1.00 29.05
62.00 -1.00 28.15
62.00 -1.00 28.12
62.00 -1.00 28.10
62.00 -1.00 29.06
62.00 -1.00 29.06
62.00 -1.00 29.08
62.00 -1.00 29.05
62.00 -1.00 29.08
62.00 -1.00 29.09
62.00 -1.00 29.04
62.00 -1.00 29.07
62.00 -1.00 28.14
62.00 -1.00 29.01
62.00 -1.00 29.05
62.00 -1.00 29.13
62.00 -1.00 29.04
62.00 -1.00 28.14
62.00 -1.00 29.02
62.00 -1.00 29.02
62.00 -1.00 29.08
62.00 -1.00 29.01
62.00 -1.00 29.07
62.00 -1.00 29.04
62.00 -1.00 29.02
62.00 -1.00 29.07
62.00 -1.00 28.13
