59.50 -1.00 29.07
59.50 -1.00 29.05
59.50 -1.00 29.08
59.50 -1.00 29.13
59.50 -1.00 30.01
59.50 -1.00 29.14
59.50 -1.00 29.14
59.50 -1.00 29.05
59.50 -1.00 29.08
59.50 -1.00 29.15
59.50 -1.00 29.08
59.50 -1.00 29.03
59.50 -1.00 29.09
59.50 -1.00 29.10
59.50 -1.00 29.14
59.50 -1.00 29.09
59.50 -1.00 29.06
66.00 95.00 29.14
66.00 95.00 29.12
66.00 95.00 29.08
66.00 95.00 29.14
66.00 95.00 29.09
66.00 95.00 29.11
66.00 95.00 29.07
66.00 95.00 29.07
66.00 95.00 30.00
66.00 95.00 29.03
66.00 95.00 29.11
66.00 95.00 30.00
66.00 95.00 29.11
66.00 95.00 29.10
66.00 95.00 30.02
66.00 95.00 29.14
66.00 95.00 30.08
66.00 95.00 29.12
66.00 95.00 29.15
66.00 95.00 30.02
66.00 95.00 29.09
66.00 95.00 29.08
66.00 95.00 29.07
66.00 95.00 30.02
66.00 95.00 30.03
66.00 95.00 30.03
66.00 95.00 29.14
66.00 95.00 30.00
66.00 95.00 30.03
66.00 95.00 29.10
66.00 95.00 30.05
66.00 95.00 29.12
66.00 95.00 30.01
66.00 95.00 30.03
66.00 95.00 30.14
66.00 95.00 30.08
66.00 95.00 30.06
66.00 95.00 30.05
66.00 95.00 30.02
66.00 95.00 29.15
66.00 95.00 30.13
66.00 95.00 30.06
66.00 95.00 29.13
66.00 95.00 29.15
66.00 95.00 30.13
66.00 95.00 30.12
66.00 95.00 29.14
66.00 95.00 30.10
66.00 95.00 30.05
66.00 95.00 30.07
66.00 95.00 30.08
66.00 95.00 30.02
66.00 95.00 30.14
66.00 95.00 30.04
66.00 95.00 30.02
66.00 95.00 30.12
66.00 95.00 30.05
66.00 95.00 30.00
66.00 95.00 30.14
66.00 95.00 30.11
66.00 95.00 30.09
66.00 95.00 30.09
66.00 95.00 30.07
66.00 95.00 30.13
66.00 95.00 30.04
66.00 95.00 30.10
66.00 95.00 30.14
66.00 95.00 29.15
66.00 95.00 30.04
66.00 95.00 31.05
66.00 95.00 30.04
66.00 95.00 30.10
66.00 95.00 30.12
66.00 95.00 30.09
66.00 95.00 30.09
66.00 95.00 31.03
66.00 95.00 31.05
66.00 95.00 30.12
66.00 95.00 30.03
70.00 -1.00 30.15
70.00 -1.00 30.13
70.00 -1.00 30.11
70.00 -1.00 31.02
70.00 -1.00 30.12
70.00 -1.00 30.06
70.00 -1.00 30.13
70.00 -1.00 31.00
70.00 -1.00 30.14
70.00 -1.00 31.04
70.00 -1.00 30.03
70.00 -1.00 30.14
70.00 -1.00 31.02
70.00 -1.00 31.07
70.00 -1.00 30.09
70.00 -1.00 30.09
70.00 -1.00 30.15
70.00 -1.00 30.08
70.00 -1.00 30.03
70.00 -1.00 31.00
70.00 -1.00 30.12
70.00 -1.00 30.07
70.00 -1.00 31.01
70.00 -1.00 31.06
70.00 -1.00 30.14
70.00 -1.00 31.03
70.00 -1.00 31.07
70.00 -1.00 30.10
70.00 -1.00 31.03
70.00 -1.00 31.08
70.00 -1.00 30.15
70.00 -1.00 31.00
70.00 -1.00 31.03
70.00 -1.00 31.01
70.00 -1.00 31.01
70.00 -1.00 30.13
70.00 -1.00 30.08
70.00 -1.00 30.14
70.00 -1.00 31.03
70.00 -1.00 30.11
70.00 -1.00 31.06
70.00 -1.00 30.14
70.00 -1.00 31.03
70.00 -1.00 30.07
70.00 -1.00 31.00
70.00 -1.00 30.14
70.00 -1.00 31.03
70.00 -1.00 31.03
70.00 -1.00 30.14
70.00 -1.00 30.15
70.00 -1.00 31.01
70.00 -1.00 31.04
70.00 -1.00 31.07
70.00 -1.00 30.12
70.00 -1.00 31.05
70.00 -1.00 30.15
70.00 -1.00 32.02
70.00 -1.00 30.10
70.00 -1.00 30.12
70.00 -1.00 31.02
70.00 -1.00 31.02
70.00 -1.00 31.05
70.00 -1.00 31.05
70.00 -1.00 31.03
70.00 -1.00 31.01
70.00 -1.00 31.06
70.00 -1.00 30.13
70.00 -1.00 31.09
70.00 -1.00 30.13
70.00 -1.00 31.03
70.00 -1.00 31.04
70.00 -1.00 31.08
70.00 -1.00 31.01
70.00 -1.00 31.08
70.00 -1.00 31.03
70.00 -1.00 31.06
70.00 -1.00 31.08
70.00 -1.00 30.12
-0.50 -1.00 31.00
-0.50 -1.00 31.11
-0.50 -1.00 31.10
-0.50 -1.00 31.04
-0.50 -1.00 31.10
-0.50 -1.00 31.02
-0.50 -1.00 31.00
-0.50 -1.00 31.10
-0.50 -1.00 31.07
-0.50 -1.00 31.09
-0.50 -1.00 30.14
-0.50 -1.00 31.03
-0.50 -1.00 31.11
-0.50 -1.00 31.13
-0.50 -1.00 31.09
-0.50 -1.00 31.14
-0.50 -1.00 31.01
-0.50 -1.00 31.04
-0.50 -1.00 31.07
-0.50 -1.00 30.12
-0.50 -1.00 31.12
-0.50 -1.00 31.03
-0.50 -1.00 31.04
-0.50 -1.00 31.12
-0.50 -1.00 31.03
-0.50 -1.00 31.07
-0.50 -1.00 31.07
-0.50 -1.00 257.55
-0.50 -1.00 31.05
-0.50 -1.00 31.12
-0.50 -1.00 31.06
-0.50 -1.00 31.11
-0.50 -1.00 31.03
-0.50 -1.00 31.12
-0.50 -1.00 31.09
-0.50 -1.00 31.03
-0.50 -1.00 31.04
-0.50 -1.00 31.10
-0.50 -1.00 31.09
-0.50 -1.00 31.10
-0.50 -1.00 31.11
-0.50 -1.00 31.02
-0.50 -1.00 31.04
-0.50 -1.00 30.15
-0.50 -1.00 31.08
-0.50 -1.00 31.14
-0.50 -1.00 31.02
-0.50 -1.00 31.05
-0.50 -1.00 31.13
-0.50 -1.00 31.13
-0.50 -1.00 31.09
-0.50 -1.00 31.11
-0.50 -1.00 31.06
-0.50 -1.00 31.04
-0.50 -1.00 31.13
-0.50 -1.00 31.03
-0.50 -1.00 31.10
-0.50 -1.00 31.04
-0.50 -1.00 31.09
-0.50 -1.00 31.09
-0.50 -1.00 31.04
-0.50 -1.00 31.06
-0.50 -1.00 31.12
-0.50 -1.00 31.13
-0.50 -1.00 31.08
-0.50 -1.00 31.13
-0.50 -1.00 31.03
-0.50 -1.00 32.01
-0.50 -1.00 31.06
-0.50 -1.00 31.05
-0.50 -1.00 31.09
-0.50 -1.00 30.14
-0.50 -1.00 31.08
-0.50 -1.00 31.01
-0.50 -1.00 31.07
-0.50 -1.00 31.10
-0.50 -1.00 32.00
-0.50 -1.00 31.08
-0.50 -1.00 31.05
-0.50 -1.00 32.01
-0.50 -1.00 32.01
-0.50 -1.00 31.14
-0.50 -1.00 31.03
-0.50 -1.00 31.06
-0.50 -1.00 31.12
-0.50 -1.00 32.03
-0.50 -1.00 31.07
-0.50 -1.00 31.13
-0.50 -1.00 31.06
-0.50 -1.00 31.11
-0.50 -1.00 32.01
-0.50 -1.00 31.07
-0.50 -1.00 32.01
-0.50 -1.00 31.06
-0.50 -1.00 31.03
-0.50 -1.00 32.00
-0.50 -1.00 31.08
-0.50 -1.00 31.08
-0.50 -1.00 32.00
-0.50 -1.00 31.11
-0.50 -1.00 31.12
-0.50 -1.00 31.12
-0.50 -1.00 31.08
-0.50 -1.00 31.11
-0.50 -1.00 31.11
-0.50 -1.00 31.15
-0.50 -1.00 31.14
-0.50 -1.00 31.01
-0.50 -1.00 31.11
-0.50 -1.00 31.15
-0.50 -1.00 32.00
-0.50 -1.00 31.09
-0.50 -1.00 31.07
-0.50 -1.00 31.12
-0.50 -1.00 31.10
-0.50 -1.00 32.02
-0.50 -1.00 31.05
-0.50 -1.00 31.14
-0.50 -1.00 31.03
-0.50 -1.00 31.10
-0.50 -1.00 31.15
-0.50 -1.00 31.13
-0.50 -1.00 31.01
-0.50 -1.00 32.03
-0.50 -1.00 31.07
-0.50 -1.00 31.08
-0.50 -1.00 32.01
-0.50 -1.00 31.07
-0.50 -1.00 32.03
-0.50 -1.00 31.07
-0.50 -1.00 31.07
-0.50 -1.00 31.13
-0.50 -1.00 31.09
-0.50 -1.00 31.10
-0.50 -1.00 31.15
-0.50 -1.00 31.07
-0.50 -1.00 31.15
-0.50 -1.00 31.11
-0.50 -1.00 31.08
-0.50 -1.00 31.11
-0.50 -1.00 31.06
-0.50 -1.00 31.12
-0.50 -1.00 32.00
-0.50 -1.00 31.05
-0.50 -1.00 32.00
-0.50 -1.00 31.14
-0.50 -1.00 32.09
-0.50 -1.00 31.14
-0.50 -1.00 31.15
-0.50 -1.00 31.13
-0.50 -1.00 32.03
-0.50 -1.00 32.00
-0.50 -1.00 32.00
-0.50 -1.00 31.12
-0.50 -1.00 31.09
-0.50 -1.00 31.11
-0.50 -1.00 31.04
-0.50 -1.00 32.02
-0.50 -1.00 31.07
-0.50 -1.00 32.07
-0.50 -1.00 31.13
-0.50 -1.00 31.09
-0.50 -1.00 31.14
-0.50 -1.00 31.07
-0.50 -1.00 32.03
-0.50 -1.00 31.07
-0.50 -1.00 31.14
-0.50 -1.00 31.13
-0.50 -1.00 31.04
-0.50 -1.00 31.09
-0.50 -1.00 32.06
-0.50 -1.00 31.09
-0.50 -1.00 31.11
-0.50 -1.00 32.01
-0.50 -1.00 31.05
-0.50 -1.00 31.09
-0.50 -1.00 31.10
-0.50 -1.00 31.15
-0.50 -1.00 32.03
-0.50 -1.00 31.02
-0.50 -1.00 31.07
-0.50 -1.00 31.13
-0.50 -1.00 32.03
-0.50 -1.00 31.14
-0.50 -1.00 31.11
-0.50 -1.00 31.11
-0.50 -1.00 31.13
-0.50 -1.00 31.14
-0.50 -1.00 32.08
-0.50 -1.00 32.02
-0.50 -1.00 31.07
-0.50 -1.00 31.08
-0.50 -1.00 31.15
-0.50 -1.00 32.00
-0.50 -1.00 31.07
-0.50 -1.00 32.00
-0.50 -1.00 31.09
-0.50 -1.00 31.09
-0.50 -1.00 32.03
-0.50 -1.00 31.07
-0.50 -1.00 31.12
-0.50 -1.00 31.12
-0.50 -1.00 31.12
-0.50 -1.00 32.00
-0.50 -1.00 32.04
-0.50 -1.00 31.10
-0.50 -1.00 31.15
-0.50 -1.00 31.10
-0.50 -1.00 31.10
-0.50 -1.00 31.14
-0.50 -1.00 31.10
-0.50 -1.00 32.00
-0.50 -1.00 31.10
-0.50 -1.00 32.01
-0.50 -1.00 32.00
-0.50 -1.00 31.03
-0.50 -1.00 31.11
-0.50 -1.00 31.15
-0.50 -1.00 32.00
-0.50 -1.00 32.02
-0.50 -1.00 32.02
-0.50 -1.00 31.08
-0.50 -1.00 31.09
-0.50 -1.00 32.04
-0.50 -1.00 32.04
-0.50 -1.00 32.00
-0.50 -1.00 31.06
-0.50 -1.00 31.13
-0.50 -1.00 31.14
-0.50 -1.00 32.02
-0.50 -1.00 31.09
-0.50 -1.00 32.01
-0.50 -1.00 31.07
-0.50 -1.00 31.11
-0.50 -1.00 31.08
-0.50 -1.00 31.09
-0.50 -1.00 31.12
-0.50 -1.00 31.12
-0.50 -1.00 31.13
-0.50 -1.00 32.01
-0.50 -1.00 32.00
-0.50 -1.00 31.08
-0.50 -1.00 31.15
-0.50 -1.00 32.03
-0.50 -1.00 31.08
-0.50 -1.00 32.01
-0.50 -1.00 31.10
-0.50 -1.00 31.10
-0.50 -1.00 32.03
-0.50 -1.00 32.08
-0.50 -1.00 31.13
-0.50 -1.00 32.00
-0.50 -1.00 31.10
-0.50 -1.00 31.13
-0.50 -1.00 31.12
-0.50 -1.00 31.12
-0.50 -1.00 31.11
-0.50 -1.00 31.10
-0.50 -1.00 31.08
-0.50 -1.00 31.12
-0.50 -1.00 32.08
-0.50 -1.00 31.13
-0.50 -1.00 31.05
-0.50 -1.00 31.03
-0.50 -1.00 31.11
-0.50 -1.00 31.06
-0.50 -1.00 31.10
-0.50 -1.00 31.09
-0.50 -1.00 31.10
-0.50 -1.00 31.04
-0.50 -1.00 31.11
-0.50 -1.00 31.10
-0.50 -1.00 31.11
-0.50 -1.00 31.11
-0.50 -1.00 31.03
-0.50 -1.00 31.11
-0.50 -1.00 31.00
-0.50 -1.00 31.03
-0.50 -1.00 31.01
-0.50 -1.00 31.05
-0.50 -1.00 31.00
-0.50 -1.00 31.10
-0.50 -1.00 30.15
-0.50 -1.00 31.13
-0.50 -1.00 31.03
-0.50 -1.00 31.02
-0.50 -1.00 31.07
-0.50 -1.00 31.02
-0.50 -1.00 31.00
-0.50 -1.00 31.06
-0.50 -1.00 31.03
-0.50 -1.00 30.14
-0.50 -1.00 31.04
-0.50 -1.00 30.13
-0.50 -1.00 31.04
-0.50 -1.00 31.03
-0.50 -1.00 30.14
-0.50 -1.00 31.01
-0.50 -1.00 30.11
-0.50 -1.00 30.15
-0.50 -1.00 31.04
-0.50 -1.00 31.01
-0.50 -1.00 30.15
-0.50 -1.00 31.04
-0.50 -1.00 30.10
-0.50 -1.00 30.12
-0.50 -1.00 31.03
-0.50 -1.00 30.12
-0.50 -1.00 30.13
-0.50 -1.00 30.10
-0.50 -1.00 31.00
-0.50 -1.00 31.03
-0.50 -1.00 30.13
-0.50 -1.00 30.09
-0.50 -1.00 30.12
-0.50 -1.00 30.10
-0.50 -1.00 30.06
-0.50 -1.00 31.02
-0.50 -1.00 31.01
-0.50 -1.00 31.01
-0.50 -1.00 30.14
-0.50 -1.00 30.12
-0.50 -1.00 30.06
-0.50 -1.00 30.11
-0.50 -1.00 30.10
-0.50 -1.00 30.12
-0.50 -1.00 30.09
-0.50 -1.00 30.06
-0.50 -1.00 30.15
-0.50 -1.00 30.13
-0.50 -1.00 30.15
-0.50 -1.00 30.11
-0.50 -1.00 30.11
-0.50 -1.00 30.06
-0.50 -1.00 30.10
-0.50 -1.00 30.12
-0.50 -1.00 30.11
-0.50 -1.00 30.05
-0.50 -1.00 30.04
-0.50 -1.00 30.14
-0.50 -1.00 30.09
-0.50 -1.00 30.15
-0.50 -1.00 30.15
-0.50 -1.00 30.05
-0.50 -1.00 30.01
-0.50 -1.00 30.12
-0.50 -1.00 30.07
-0.50 -1.00 30.06
-0.50 -1.00 30.06
-0.50 -1.00 30.05
-0.50 -1.00 30.10
-0.50 -1.00 30.03
-0.50 -1.00 30.07
-0.50 -1.00 30.04
-0.50 -1.00 30.04
-0.50 -1.00 29.14
-0.50 -1.00 30.13
-0.50 -1.00 30.06
-0.50 -1.00 30.03
-0.50 -1.00 30.04
-0.50 -1.00 30.03
-0.50 -1.00 30.08
-0.50 -1.00 30.01
-0.50 -1.00 30.05
-0.50 -1.00 30.12
-0.50 -1.00 30.06
-0.50 -1.00 30.00
-0.50 -1.00 30.13
-0.50 -1.00 30.10
-0.50 -1.00 30.04
-0.50 -1.00 30.01
-0.50 -1.00 30.05
-0.50 -1.00 30.07
-0.50 -1.00 30.03
-0.50 -1.00 30.05
-0.50 -1.00 30.13
-0.50 -1.00 30.08
-0.50 -1.00 30.01
-0.50 -1.00 30.10
-0.50 -1.00 30.06
-0.50 -1.00 30.01
-0.50 -1.00 30.07
-0.50 -1.00 30.01
-0.50 -1.00 30.09
-0.50 -1.00 30.04
-0.50 -1.00 30.05
-0.50 -1.00 30.12
-0.50 -1.00 30.11
-0.50 -1.00 29.14
-0.50 -1.00 30.11
-0.50 -1.00 30.05
70.00 -1.00 30.00
70.00 -1.00 30.06
70.00 -1.00 30.08
70.00 -1.00 30.10
70.00 -1.00 30.05
70.00 -1.00 30.04
70.00 -1.00 30.11
70.00 -1.00 30.03
70.00 -1.00 30.04
70.00 -1.00 30.09
70.00 -1.00 30.03
70.00 -1.00 30.00
70.00 -1.00 30.09
70.00 -1.00 30.07
70.00 -1.00 30.09
70.00 -1.00 30.04
70.00 -1.00 30.03
70.00 -1.00 30.07
70.00 -1.00 30.03
70.00 -1.00 30.06
70.00 -1.00 30.12
70.00 -1.00 30.04
70.00 -1.00 30.00
70.00 -1.00 30.03
70.00 -1.00 30.04
70.00 -1.00 30.10
70.00 -1.00 30.03
70.00 -1.00 30.01
70.00 -1.00 30.09
70.00 -1.00 30.01
70.00 -1.00 30.05
70.00 -1.00 30.14
70.00 -1.00 30.02
70.00 -1.00 30.00
70.00 -1.00 30.06
70.00 -1.00 30.04
70.00 -1.00 30.03
70.00 -1.00 30.12
70.00 -1.00 30.03
70.00 -1.00 30.08
70.00 -1.00 30.01
70.00 -1.00 30.03
70.00 -1.00 30.04
70.00 -1.00 30.04
70.00 -1.00 29.13
70.00 -1.00 30.07
70.00 -1.00 30.06
70.00 -1.00 30.02
70.00 -1.00 30.08
70.00 -1.00 30.09
70.00 -1.00 30.09
70.00 -1.00 30.01
70.00 -1.00 30.03
70.00 -1.00 30.04
70.00 -1.00 30.06
70.00 -1.00 30.01
70.00 -1.00 30.08
70.00 -1.00 30.04
70.00 -1.00 30.04
70.00 -1.00 30.08
70.00 -1.00 30.09
70.00 -1.00 30.01
70.00 -1.00 30.05
70.00 -1.00 29.15
70.00 -1.00 30.05
70.00 -1.00 30.02
70.00 -1.00 30.07
70.00 -1.00 30.07
70.00 -1.00 29.15
70.00 -1.00 30.01
70.00 -1.00 30.08
70.00 -1.00 30.07
70.00 -1.00 30.02
70.00 -1.00 30.00
70.00 -1.00 30.02
70.00 -1.00 30.02
70.00 -1.00 30.02
70.00 -1.00 30.00
69.00 -1.00 30.14
69.00 -1.00 29.11
69.00 -1.00 30.00
69.00 -1.00 30.00
69.00 -1.00 30.05
69.00 -1.00 29.13
69.00 -1.00 30.06
69.00 -1.00 29.15
69.00 -1.00 30.04
69.00 -1.00 30.10
69.00 -1.00 29.15
69.00 -1.00 29.12
69.00 -1.00 29.09
69.00 -1.00 29.10
69.00 -1.00 30.05
69.00 -1.00 29.12
69.00 -1.00 30.01
69.00 -1.00 30.04
69.00 -1.00 30.05
69.00 -1.00 30.02
69.00 -1.00 30.05
69.00 -1.00 29.07
69.00 -1.00 30.01
69.00 -1.00 30.07
69.00 -1.00 30.08
69.00 -1.00 30.03
69.00 -1.00 30.06
69.00 -1.00 30.02
69.00 -1.00 30.06
69.00 -1.00 29.13
69.00 -1.00 29.15
69.00 -1.00 30.07
69.00 -1.00 29.12
69.00 -1.00 29.13
69.00 -1.00 30.07
69.00 -1.00 29.15
69.00 -1.00 30.07
69.00 -1.00 30.00
69.00 -1.00 29.15
69.00 -1.00 30.01
69.00 -1.00 29.11
69.00 -1.00 29.13
69.00 -1.00 30.07
69.00 -1.00 29.08
69.00 -1.00 30.02
69.00 -1.00 30.02
69.00 -1.00 30.07
69.00 -1.00 30.00
69.00 -1.00 30.05
69.00 -1.00 29.14
69.00 -1.00 30.01
69.00 -1.00 30.01
69.00 -1.00 29.09
69.00 -1.00 30.05
69.00 -1.00 29.09
69.00 -1.00 29.09
69.00 -1.00 30.05
69.00 -1.00 30.01
69.00 -1.00 30.03
69.00 -1.00 30.00
69.00 -1.00 29.10
69.00 -1.00 30.01
69.00 -1.00 30.03
69.00 -1.00 29.14
69.00 -1.00 30.07
69.00 -1.00 29.12
69.00 -1.00 29.15
69.00 -1.00 30.04
69.00 -1.00 29.14
69.00 -1.00 30.03
69.00 -1.00 29.08
69.00 -1.00 30.00
69.00 -1.00 30.00
69.00 -1.00 29.07
69.00 -1.00 30.02
69.00 -1.00 30.03
69.00 -1.00 29.15
69.00 -1.00 30.00
-0.50 -1.00 30.01
-0.50 -1.00 29.11
-0.50 -1.00 29.06
-0.50 -1.00 30.03
-0.50 -1.00 29.14
-0.50 -1.00 30.11
-0.50 -1.00 30.03
-0.50 -1.00 29.08
-0.50 -1.00 30.05
-0.50 -1.00 30.04
-0.50 -1.00 30.00
-0.50 -1.00 30.03
-0.50 -1.00 30.02
-0.50 -1.00 29.06
-0.50 -1.00 30.07
-0.50 -1.00 30.00
-0.50 -1.00 29.07
-0.50 -1.00 30.04
-0.50 -1.00 29.11
-0.50 -1.00 29.15
-0.50 -1.00 30.01
-0.50 -1.00 29.14
-0.50 -1.00 30.10
-0.50 -1.00 29.09
-0.50 -1.00 30.02
-0.50 -1.00 30.08
-0.50 -1.00 29.15
-0.50 -1.00 30.02
-0.50 -1.00 30.00
-0.50 -1.00 30.01
-0.50 -1.00 29.12
-0.50 -1.00 30.02
-0.50 -1.00 30.10
-0.50 -1.00 30.00
-0.50 -1.00 29.15
-0.50 -1.00 30.02
-0.50 -1.00 30.15
-0.50 -1.00 29.15
-0.50 -1.00 29.10
-0.50 -1.00 30.06
-0.50 -1.00 29.12
-0.50 -1.00 30.09
-0.50 -1.00 29.15
-0.50 -1.00 29.09
-0.50 -1.00 30.04
-0.50 -1.00 30.03
-0.50 -1.00 30.02
-0.50 -1.00 30.07
-0.50 -1.00 29.10
-0.50 -1.00 29.13
-0.50 -1.00 30.10
-0.50 -1.00 30.06
-0.50 -1.00 30.00
-0.50 -1.00 30.07
-0.50 -1.00 29.15
-0.50 -1.00 29.13
-0.50 -1.00 30.06
-0.50 -1.00 29.11
-0.50 -1.00 30.06
-0.50 -1.00 29.13
-0.50 -1.00 30.00
-0.50 -1.00 30.07
-0.50 -1.00 30.03
-0.50 -1.00 29.12
-0.50 -1.00 30.07
-0.50 -1.00 30.00
-0.50 -1.00 30.00
-0.50 -1.00 30.07
-0.50 -1.00 29.14
-0.50 -1.00 29.15
-0.50 -1.00 29.15
-0.50 -1.00 29.15
-0.50 -1.00 30.07
-0.50 -1.00 30.05
-0.50 -1.00 30.01
-0.50 -1.00 30.07
-0.50 -1.00 30.03
-0.50 -1.00 30.02
-0.50 -1.00 30.01
-0.50 -1.00 29.13
-0.50 -1.00 29.13
-0.50 -1.00 30.04
-0.50 -1.00 30.07
-0.50 -1.00 30.06
-0.50 -1.00 30.00
-0.50 -1.00 29.13
-0.50 -1.00 30.00
-0.50 -1.00 30.04
-0.50 -1.00 29.15
-0.50 -1.00 30.07
-0.50 -1.00 29.06
-0.50 -1.00 29.13
-0.50 -1.00 30.07
-0.50 -1.00 29.13
-0.50 -1.00 30.01
-0.50 -1.00 30.05
-0.50 -1.00 29.15
-0.50 -1.00 29.13
-0.50 -1.00 30.03
-0.50 -1.00 29.15
-0.50 -1.00 30.09
-0.50 -1.00 29.12
-0.50 -1.00 29.12
-0.50 -1.00 30.00
-0.50 -1.00 29.12
-0.50 -1.00 29.11
-0.50 -1.00 29.08
-0.50 -1.00 29.03
-0.50 -1.00 29.14
-0.50 -1.00 30.01
-0.50 -1.00 29.05
-0.50 -1.00 30.04
-0.50 -1.00 29.05
-0.50 -1.00 29.02
-0.50 -1.00 29.12
-0.50 -1.00 29.05
-0.50 -1.00 29.15
-0.50 -1.00 29.10
-0.50 -1.00 29.10
-0.50 -1.00 29.13
-0.50 -1.00 29.06
-0.50 -1.00 29.14
-0.50 -1.00 29.10
-0.50 -1.00 29.09
-0.50 -1.00 29.00
-0.50 -1.00 29.10
-0.50 -1.00 29.02
-0.50 -1.00 29.03
-0.50 -1.00 29.15
-0.50 -1.00 29.03
-0.50 -1.00 29.05
-0.50 -1.00 29.06
-0.50 -1.00 29.02
-0.50 -1.00 29.01
-0.50 -1.00 29.03
-0.50 -1.00 29.00
-0.50 -1.00 29.09
-0.50 -1.00 29.01
-0.50 -1.00 28.15
-0.50 -1.00 29.07
-0.50 -1.00 29.12
-0.50 -1.00 29.04
-0.50 -1.00 29.04
-0.50 -1.00 29.00
-0.50 -1.00 29.03
-0.50 -1.00 29.08
-0.50 -1.00 30.00
-0.50 -1.00 29.09
-0.50 -1.00 28.13
-0.50 -1.00 29.00
-0.50 -1.00 29.05
-0.50 -1.00 29.08
-0.50 -1.00 28.14
-0.50 -1.00 29.10
-0.50 -1.00 28.13
-0.50 -1.00 29.02
-0.50 -1.00 29.00
-0.50 -1.00 28.12
-0.50 -1.00 29.06
-0.50 -1.00 28.13
-0.50 -1.00 29.02
-0.50 -1.00 29.02
-0.50 -1.00 29.05
-0.50 -1.00 29.00
-0.50 -1.00 29.15
-0.50 -1.00 28.13
-0.50 -1.00 28.14
-0.50 -1.00 29.01
-0.50 -1.00 28.13
-0.50 -1.00 29.02
-0.50 -1.00 29.02
-0.50 -1.00 29.01
-0.50 -1.00 29.03
-0.50 -1.00 29.03
-0.50 -1.00 28.15
-0.50 -1.00 29.03
-0.50 -1.00 29.00
-0.50 -1.00 28.15
-0.50 -1.00 29.04
-0.50 -1.00 28.08
-0.50 -1.00 28.07
-0.50 -1.00 29.05
-0.50 -1.00 29.04
-0.50 -1.00 29.04
-0.50 -1.00 28.12
-0.50 -1.00 28.02
-0.50 -1.00 29.03
-0.50 -1.00 29.04
-0.50 -1.00 28.06
-0.50 -1.00 28.10
-0.50 -1.00 28.11
-0.50 -1.00 28.07
-0.50 -1.00 29.05
-0.50 -1.00 28.10
-0.50 -1.00 28.15
-0.50 -1.00 28.06
-0.50 -1.00 28.11
-0.50 -1.00 29.00
-0.50 -1.00 29.03
-0.50 -1.00 28.10
-0.50 -1.00 28.13
-0.50 -1.00 28.13
-0.50 -1.00 28.13
-0.50 -1.00 29.02
-0.50 -1.00 28.12
-0.50 -1.00 29.03
-0.50 -1.00 28.12
-0.50 -1.00 29.00
-0.50 -1.00 29.02
-0.50 -1.00 28.09
-0.50 -1.00 28.14
-0.50 -1.00 29.06
-0.50 -1.00 28.12
-0.50 -1.00 28.12
-0.50 -1.00 28.13
-0.50 -1.00 29.03
-0.50 -1.00 28.03
-0.50 -1.00 29.03
-0.50 -1.00 28.12
-0.50 -1.00 28.14
-0.50 -1.00 28.14
-0.50 -1.00 28.11
-0.50 -1.00 29.01
-0.50 -1.00 28.15
-0.50 -1.00 28.11
-0.50 -1.00 28.14
-0.50 -1.00 28.09
-0.50 -1.00 28.07
-0.50 -1.00 28.07
-0.50 -1.00 28.10
-0.50 -1.00 29.05
-0.50 -1.00 28.13
-0.50 -1.00 28.13
-0.50 -1.00 29.00
-0.50 -1.00 28.13
68.00 -1.00 28.09
68.00 -1.00 29.01
68.00 -1.00 29.00
68.00 -1.00 28.07
68.00 -1.00 28.12
68.00 -1.00 28.10
68.00 -1.00 29.03
68.00 -1.00 28.11
68.00 -1.00 28.09
68.00 -1.00 28.01
68.00 -1.00 28.12
68.00 -1.00 28.06
68.00 -1.00 28.14
68.00 -1.00 28.12
68.00 -1.00 28.09
68.00 -1.00 29.00
68.00 -1.00 28.14
68.00 -1.00 28.14
68.00 -1.00 28.07
68.00 -1.00 28.09
68.00 -1.00 28.05
68.00 -1.00 28.13
68.00 -1.00 28.05
68.00 -1.00 28.13
68.00 -1.00 28.09
68.00 -1.00 28.05
68.00 -1.00 28.15
68.00 -1.00 28.08
68.00 -1.00 28.09
68.00 -1.00 28.07
68.00 -1.00 28.10
68.00 -1.00 28.08
68.00 -1.00 28.13
68.00 -1.00 28.08
68.00 -1.00 28.13
68.00 -1.00 28.07
68.00 -1.00 28.04
68.00 -1.00 28.15
68.00 -1.00 28.09
68.00 -1.00 28.07
68.00 -1.00 28.08
68.00 -1.00 28.09
68.00 -1.00 28.09
68.00 -1.00 28.15
68.00 -1.00 28.07
68.00 -1.00 29.02
68.00 -1.00 28.10
68.00 -1.00 28.02
68.00 -1.00 29.00
68.00 -1.00 28.11
68.00 -1.00 28.07
68.00 -1.00 28.10
68.00 -1.00 28.07
68.00 -1.00 28.09
68.00 -1.00 28.15
68.00 -1.00 28.02
68.00 -1.00 28.06
68.00 -1.00 28.03
68.00 -1.00 28.08
68.00 -1.00 28.15
68.00 -1.00 28.11
68.00 -1.00 28.07
68.00 -1.00 28.13
68.00 -1.00 28.07
68.00 -1.00 28.10
68.00 -1.00 28.15
68.00 -1.00 28.08
68.00 -1.00 28.08
68.00 -1.00 28.13
68.00 -1.00 29.05
68.00 -1.00 28.13
68.00 -1.00 28.12
68.00 -1.00 28.08
68.00 -1.00 28.13
68.00 -1.00 28.14
68.00 -1.00 28.05
68.00 -1.00 28.13
68.00 -1.00 28.07
-0.50 96.00 28.08
-0.50 96.00 28.12
-0.50 96.00 28.03
-0.50 96.00 28.09
-0.50 96.00 28.11
-0.50 96.00 28.04
-0.50 96.00 28.08
-0.50 96.00 28.09
-0.50 96.00 28.12
-0.50 96.00 29.02
-0.50 96.00 28.06
-0.50 96.00 28.10
-0.50 96.00 28.11
-0.50 96.00 28.00
-0.50 96.00 28.06
-0.50 96.00 28.06
-0.50 96.00 28.08
-0.50 96.00 28.12
-0.50 96.00 28.08
-0.50 96.00 28.12
-0.50 96.00 28.14
-0.50 96.00 28.10
-0.50 96.00 28.06
-0.50 96.00 28.15
-0.50 96.00 28.07
-0.50 96.00 28.09
-0.50 96.00 28.15
-0.50 96.00 28.00
-0.50 96.00 28.11
-0.50 96.00 27.15
-0.50 96.00 28.05
-0.50 96.00 28.07
-0.50 96.00 28.11
-0.50 96.00 28.03
-0.50 96.00 28.14
-0.50 96.00 28.06
-0.50 96.00 28.02
-0.50 96.00 28.13
-0.50 96.00 28.03
-0.50 96.00 28.03
-0.50 96.00 28.02
-0.50 96.00 28.06
-0.50 96.00 28.10
-0.50 96.00 28.12
-0.50 96.00 28.06
-0.50 96.00 28.05
-0.50 96.00 28.11
-0.50 96.00 28.06
-0.50 96.00 28.09
-0.50 96.00 28.02
-0.50 96.00 28.09
-0.50 96.00 28.13
-0.50 96.00 28.09
-0.50 96.00 28.07
-0.50 96.00 28.10
-0.50 96.00 28.06
-0.50 96.00 28.12
-0.50 96.00 28.05
-0.50 96.00 28.04
-0.50 96.00 28.10
-0.50 96.00 28.07
-0.50 96.00 28.04
-0.50 96.00 28.12
-0.50 96.00 27.13
-0.50 96.00 28.04
-0.50 96.00 28.10
-0.50 96.00 28.06
-0.50 96.00 28.10
-0.50 96.00 28.09
-0.50 96.00 28.05
-0.50 96.00 28.13
-0.50 96.00 28.07
-0.50 96.00 28.04
-0.50 96.00 28.14
-0.50 96.00 27.14
-0.50 96.00 28.06
-0.50 96.00 29.00
-0.50 96.00 28.04
-0.50 -1.00 29.00
-0.50 -1.00 28.09
-0.50 -1.00 28.08
-0.50 -1.00 28.07
-0.50 -1.00 28.03
-0.50 -1.00 28.00
-0.50 -1.00 28.10
-0.50 -1.00 28.06
-0.50 -1.00 28.01
-0.50 -1.00 28.11
-0.50 -1.00 28.03
-0.50 -1.00 28.12
-0.50 -1.00 28.08
-0.50 -1.00 28.11
-0.50 -1.00 28.05
-0.50 -1.00 28.05
-0.50 -1.00 28.10
-0.50 -1.00 29.00
-0.50 -1.00 28.04
-0.50 -1.00 28.06
-0.50 -1.00 28.09
-0.50 -1.00 28.12
-0.50 -1.00 28.08
-0.50 -1.00 28.12
-0.50 -1.00 28.04
-0.50 -1.00 28.05
-0.50 -1.00 28.07
-0.50 -1.00 28.06
-0.50 -1.00 28.14
-0.50 -1.00 28.04
-0.50 -1.00 28.06
-0.50 -1.00 28.09
-0.50 -1.00 27.11
-0.50 -1.00 28.04
-0.50 -1.00 28.15
-0.50 -1.00 28.06
-0.50 -1.00 28.06
-0.50 -1.00 28.09
-0.50 -1.00 28.04
-0.50 -1.00 28.04
-0.50 -1.00 28.05
-0.50 -1.00 28.03
-0.50 -1.00 28.08
-0.50 -1.00 28.04
-0.50 -1.00 28.06
-0.50 -1.00 28.13
-0.50 -1.00 29.02
-0.50 -1.00 28.10
-0.50 -1.00 28.13
-0.50 -1.00 28.04
-0.50 -1.00 28.05
-0.50 -1.00 28.10
-0.50 -1.00 28.15
-0.50 -1.00 28.07
-0.50 -1.00 28.02
-0.50 -1.00 28.06
-0.50 -1.00 28.09
-0.50 -1.00 28.10
-0.50 -1.00 28.07
-0.50 -1.00 29.04
-0.50 -1.00 28.06
-0.50 -1.00 28.10
-0.50 -1.00 28.12
-0.50 -1.00 28.06
-0.50 -1.00 28.07
-0.50 -1.00 28.04
-0.50 -1.00 28.06
-0.50 -1.00 28.14
-0.50 -1.00 28.04
-0.50 -1.00 28.06
-0.50 -1.00 28.13
-0.50 -1.00 28.07
-0.50 -1.00 28.05
-0.50 -1.00 28.09
-0.50 -1.00 28.08
-0.50 -1.00 28.06
-0.50 -1.00 28.11
-0.50 -1.00 28.09
-0.50 -1.00 28.13
-0.50 -1.00 28.03
-0.50 -1.00 28.00
-0.50 -1.00 28.11
-0.50 -1.00 28.12
-0.50 -1.00 28.07
-0.50 -1.00 28.13
-0.50 -1.00 28.09
-0.50 -1.00 28.09
-0.50 -1.00 28.12
-0.50 -1.00 29.01
-0.50 -1.00 28.08
-0.50 -1.00 28.05
-0.50 -1.00 28.08
-0.50 -1.00 28.14
-0.50 -1.00 28.08
-0.50 -1.00 28.03
-0.50 -1.00 28.09
-0.50 -1.00 28.10
-0.50 -1.00 28.09
-0.50 -1.00 28.09
-0.50 -1.00 28.05
-0.50 -1.00 28.07
-0.50 -1.00 28.02
-0.50 -1.00 28.10
-0.50 -1.00 28.14
-0.50 -1.00 28.06
-0.50 -1.00 28.04
-0.50 -1.00 29.00
-0.50 -1.00 29.01
-0.50 -1.00 28.10
-0.50 -1.00 29.00
-0.50 -1.00 28.10
-0.50 -1.00 28.09
-0.50 -1.00 29.00
-0.50 -1.00 29.01
-0.50 -1.00 29.00
-0.50 -1.00 28.10
-0.50 -1.00 28.05
-0.50 -1.00 28.12
-0.50 -1.00 28.15
-0.50 -1.00 28.07
-0.50 -1.00 28.12
-0.50 -1.00 28.13
-0.50 -1.00 28.13
-0.50 -1.00 29.04
-0.50 -1.00 28.07
-0.50 -1.00 29.09
-0.50 -1.00 28.09
-0.50 -1.00 28.10
-0.50 -1.00 29.00
-0.50 -1.00 28.13
-0.50 -1.00 28.14
-0.50 -1.00 29.01
-0.50 -1.00 28.13
-0.50 -1.00 29.04
-0.50 -1.00 29.06
-0.50 -1.00 28.09
-0.50 -1.00 29.09
-0.50 -1.00 28.11
-0.50 -1.00 28.13
-0.50 -1.00 29.05
-0.50 -1.00 29.06
-0.50 -1.00 29.00
-0.50 -1.00 29.03
-0.50 -1.00 29.10
-0.50 -1.00 28.14
-0.50 -1.00 29.07
-0.50 -1.00 29.00
-0.50 -1.00 28.12
-0.50 -1.00 257.55
-0.50 -1.00 28.15
-0.50 -1.00 29.09
-0.50 -1.00 28.15
-0.50 -1.00 28.14
-0.50 -1.00 29.09
-0.50 -1.00 29.09
-0.50 -1.00 29.01
-0.50 -1.00 29.06
-0.50 -1.00 29.04
-0.50 -1.00 29.02
-0.50 -1.00 29.08
-0.50 -1.00 28.13
-0.50 -1.00 29.05
-0.50 -1.00 28.09
-0.50 -1.00 28.15
-0.50 -1.00 29.11
-0.50 -1.00 29.06
-0.50 -1.00 29.02
-0.50 -1.00 30.02
-0.50 -1.00 29.02
-0.50 -1.00 29.08
-0.50 -1.00 29.14
-0.50 -1.00 29.01
-0.50 -1.00 29.04
-0.50 -1.00 28.14
-0.50 -1.00 29.03
-0.50 -1.00 29.12
-0.50 -1.00 29.14
-0.50 -1.00 29.06
-0.50 -1.00 29.09
-0.50 -1.00 29.10
-0.50 -1.00 28.14
-0.50 -1.00 29.09
-0.50 -1.00 29.04
-0.50 -1.00 29.01
-0.50 -1.00 29.13
-0.50 -1.00 29.03
-0.50 -1.00 29.09
-0.50 -1.00 29.04
-0.50 -1.00 29.03
-0.50 -1.00 29.07
-0.50 -1.00 29.10
-0.50 -1.00 29.11
-0.50 -1.00 29.13
-0.50 -1.00 29.09
-0.50 -1.00 29.06
-0.50 -1.00 29.07
-0.50 -1.00 29.05
-0.50 -1.00 29.07
-0.50 -1.00 28.15
-0.50 -1.00 29.06
-0.50 -1.00 29.13
-0.50 -1.00 29.11
-0.50 -1.00 29.11
-0.50 -1.00 29.12
-0.50 -1.00 29.08
-0.50 -1.00 29.15
-0.50 -1.00 29.09
-0.50 -1.00 29.05
-0.50 -1.00 29.07
-0.50 -1.00 30.01
-0.50 -1.00 30.04
-0.50 -1.00 29.14
-0.50 -1.00 29.11
-0.50 -1.00 29.09
-0.50 -1.00 29.10
-0.50 -1.00 29.13
-0.50 -1.00 29.10
-0.50 -1.00 29.10
-0.50 -1.00 29.09
-0.50 -1.00 29.08
-0.50 -1.00 30.00
-0.50 -1.00 29.06
-0.50 -1.00 29.11
-0.50 -1.00 30.00
-0.50 -1.00 29.05
-0.50 -1.00 29.10
-0.50 -1.00 30.03
-0.50 -1.00 29.10
-0.50 -1.00 30.03
-0.50 -1.00 29.11
-0.50 -1.00 29.09
-0.50 -1.00 30.00
-0.50 -1.00 29.12
-0.50 -1.00 29.08
-0.50 97.00 29.12
-0.50 97.00 29.08
-0.50 97.00 29.12
-0.50 97.00 29.10
-0.50 97.00 29.12
-0.50 97.00 29.13
-0.50 97.00 29.12
-0.50 97.00 29.13
-0.50 97.00 30.00
-0.50 97.00 29.06
-0.50 97.00 29.12
-0.50 97.00 30.06
-0.50 97.00 29.11
-0.50 97.00 29.15
-0.50 97.00 30.02
-0.50 97.00 29.12
-0.50 97.00 29.15
-0.50 97.00 29.12
-0.50 97.00 29.13
-0.50 97.00 29.11
-0.50 97.00 29.09
-0.50 97.00 29.12
-0.50 97.00 30.02
-0.50 97.00 30.08
-0.50 97.00 30.02
-0.50 97.00 29.12
-0.50 97.00 29.15
-0.50 97.00 30.00
-0.50 97.00 30.00
-0.50 97.00 29.11
-0.50 97.00 30.01
-0.50 97.00 29.09
-0.50 97.00 29.15
-0.50 97.00 30.00
-0.50 97.00 29.10
-0.50 97.00 29.09
-0.50 97.00 30.09
-0.50 97.00 29.12
-0.50 97.00 30.01
-0.50 97.00 30.00
-0.50 97.00 30.01
-0.50 97.00 29.14
-0.50 97.00 29.13
-0.50 97.00 29.10
-0.50 97.00 30.00
-0.50 97.00 29.13
-0.50 97.00 30.01
-0.50 97.00 30.03
-0.50 97.00 30.07
-0.50 97.00 29.15
-0.50 97.00 29.15
-0.50 97.00 29.15
-0.50 97.00 29.15
-0.50 97.00 29.10
-0.50 97.00 30.02
-0.50 97.00 30.02
-0.50 97.00 29.10
-0.50 97.00 29.11
-0.50 97.00 30.05
-0.50 97.00 30.08
-0.50 97.00 29.13
-0.50 97.00 30.02
-0.50 97.00 29.13
-0.50 97.00 29.12
-0.50 97.00 30.00
-0.50 97.00 30.02
-0.50 97.00 30.05
-0.50 97.00 29.13
-0.50 97.00 29.15
-0.50 97.00 30.03
-0.50 97.00 29.13
-0.50 97.00 30.01
-0.50 97.00 30.13
-0.50 97.00 29.12
-0.50 97.00 30.04
-0.50 97.00 30.03
-0.50 97.00 30.02
-0.50 97.00 29.13
-0.50 97.00 29.09
64.00 -1.00 29.12
64.00 -1.00 30.01
64.00 -1.00 29.08
64.00 -1.00 29.13
64.00 -1.00 30.08
64.00 -1.00 30.08
64.00 -1.00 29.15
64.00 -1.00 30.05
64.00 -1.00 30.02
64.00 -1.00 29.12
64.00 -1.00 30.04
64.00 -1.00 30.06
64.00 -1.00 30.06
64.00 -1.00 29.13
64.00 -1.00 30.00
64.00 -1.00 30.06
64.00 -1.00 30.07
64.00 -1.00 30.05
64.00 -1.00 30.03
64.00 -1.00 29.14
64.00 -1.00 30.06
64.00 -1.00 30.06
64.00 -1.00 30.07
64.00 -1.00 30.11
64.00 -1.00 29.14
64.00 -1.00 29.15
64.00 -1.00 30.04
64.00 -1.00 30.07
64.00 -1.00 29.15
64.00 -1.00 30.11
64.00 -1.00 30.01
64.00 -1.00 30.04
64.00 -1.00 30.09
64.00 -1.00 29.11
64.00 -1.00 30.02
64.00 -1.00 29.11
64.00 -1.00 30.02
64.00 -1.00 30.04
64.00 -1.00 29.07
64.00 -1.00 30.01
64.00 -1.00 30.06
64.00 -1.00 30.06
64.00 -1.00 30.02
64.00 -1.00 30.01
64.00 -1.00 30.01
64.00 -1.00 29.15
